2022-08-30T19:36:55.583519812,OPENAT,32417
2022-08-30T19:36:55.583862409,OPENAT,5178
2022-08-30T19:36:55.583876237,OPENAT,2844
2022-08-30T19:36:55.583888367,OPENAT,2781
2022-08-30T19:36:55.583899476,OPENAT,2652
2022-08-30T19:36:55.583911729,OPENAT,2966
2022-08-30T19:36:55.583923832,OPENAT,2746
2022-08-30T19:36:55.583935020,OPENAT,2652
2022-08-30T19:36:55.583946730,OPENAT,2672
2022-08-30T19:36:55.583960523,OPENAT,3013
2022-08-30T19:36:55.583972100,OPENAT,2523
2022-08-30T19:36:55.583983124,OPENAT,2503
2022-08-30T19:36:55.583994718,OPENAT,2394
2022-08-30T19:36:55.584006467,OPENAT,2553
2022-08-30T19:36:55.584017668,OPENAT,2443
2022-08-30T19:36:55.584028255,OPENAT,2467
2022-08-30T19:36:55.584039155,OPENAT,2226
2022-08-30T19:36:55.584051288,OPENAT,2482
2022-08-30T19:36:55.584061467,OPENAT,2546
2022-08-30T19:36:55.584085550,OPENAT,2505
2022-08-30T19:36:55.584107779,OPENAT,2225
2022-08-30T19:36:55.584119423,OPENAT,2483
2022-08-30T19:36:55.584135328,OPENAT,2553
2022-08-30T19:36:55.584145809,OPENAT,2374
2022-08-30T19:36:55.584156489,OPENAT,2389
2022-08-30T19:36:55.584170538,OPENAT,5607
2022-08-30T19:36:55.584256077,OPENAT,8005
2022-08-30T19:36:55.584267862,READ,5347
2022-08-30T19:36:55.584361161,OPENAT,4096
2022-08-30T19:36:55.584379827,OPENAT,7331
2022-08-30T19:36:55.584387848,READ,2999
2022-08-30T19:36:55.584446485,OPENAT,3814
2022-08-30T19:36:55.584464502,OPENAT,6791
2022-08-30T19:36:55.584473047,READ,2845
2022-08-30T19:36:55.584525431,OPENAT,3591
2022-08-30T19:36:55.584542781,OPENAT,6509
2022-08-30T19:36:55.584551531,READ,2846
2022-08-30T19:36:55.584629912,OPENAT,19029
2022-08-30T19:36:55.584646135,OPENAT,5913
2022-08-30T19:36:55.584654556,READ,2721
2022-08-30T19:36:55.584697600,OPENAT,3425
2022-08-30T19:36:55.584714148,OPENAT,6109
2022-08-30T19:36:55.584722716,READ,2696
2022-08-30T19:36:55.585350406,OPENAT,5632
2022-08-30T19:36:55.585364566,OPENAT,3090
2022-08-30T19:36:55.585382227,OPENAT,7224
2022-08-30T19:36:55.585416717,OPENAT,6074
2022-08-30T19:36:55.585577782,OPENAT,3538
2022-08-30T19:36:55.585588715,OPENAT,2476
2022-08-30T19:36:55.585695485,OPENAT,5929
2022-08-30T19:36:55.585711253,READ,3722
2022-08-30T19:36:55.589624927,OPENAT,6278
2022-08-30T19:36:55.589909569,OPENAT,8165
2022-08-30T19:36:55.590432056,OPENAT,10641
2022-08-30T19:36:55.590480025,READ,5276
2022-08-30T19:36:55.590489043,READ,2002
2022-08-30T19:36:55.590741220,OPENAT,9161
2022-08-30T19:36:55.590787053,READ,14239
2022-08-30T19:36:55.590795486,READ,1978
2022-08-30T19:36:55.591507449,OPENAT,8348
2022-08-30T19:36:55.591850685,OPENAT,9182
2022-08-30T19:36:55.591888231,READ,4924
2022-08-30T19:36:55.591896252,READ,1894
2022-08-30T19:36:55.592295031,OPENAT,9655
2022-08-30T19:36:55.592344694,READ,4300
2022-08-30T19:36:55.592352758,READ,1863
2022-08-30T19:36:55.593077004,OPENAT,10059
2022-08-30T19:36:55.593115578,READ,4600
2022-08-30T19:36:55.593123752,READ,1984
2022-08-30T19:36:55.593458617,OPENAT,9321
2022-08-30T19:36:55.593516140,READ,4514
2022-08-30T19:36:55.593524330,READ,1894
2022-08-30T19:36:55.593709279,OPENAT,9087
2022-08-30T19:36:55.593746592,READ,4494
2022-08-30T19:36:55.593754702,READ,1919
2022-08-30T19:36:55.594516198,OPENAT,10023
2022-08-30T19:36:55.594561949,READ,11636
2022-08-30T19:36:55.594569528,READ,1939
2022-08-30T19:36:55.594892406,OPENAT,9225
2022-08-30T19:36:55.594974308,READ,49539
2022-08-30T19:36:55.594984439,READ,2072
2022-08-30T19:36:55.595377408,OPENAT,9769
2022-08-30T19:36:55.595412549,READ,4572
2022-08-30T19:36:55.595421363,READ,1972
2022-08-30T19:36:55.595951453,OPENAT,10289
2022-08-30T19:36:55.595991152,READ,7265
2022-08-30T19:36:55.596000473,READ,2204
2022-08-30T19:36:55.597595711,OPENAT,10351
2022-08-30T19:36:55.597675451,READ,5580
2022-08-30T19:36:55.597683484,READ,2004
2022-08-30T19:36:55.597952189,OPENAT,9639
2022-08-30T19:36:55.597988852,READ,4255
2022-08-30T19:36:55.597997442,READ,2069
2022-08-30T19:36:55.598658251,OPENAT,9843
2022-08-30T19:36:55.598693393,READ,4590
2022-08-30T19:36:55.598701922,READ,2049
2022-08-30T19:36:55.599070901,OPENAT,8773
2022-08-30T19:36:55.599344369,OPENAT,9979
2022-08-30T19:36:55.599515704,OPENAT,8985
2022-08-30T19:36:55.599550791,READ,4662
2022-08-30T19:36:55.599558355,READ,2056
2022-08-30T19:36:55.599739672,READ,4896
2022-08-30T19:36:55.600069521,READ,4440
2022-08-30T19:36:55.600257741,OPENAT,8029
2022-08-30T19:36:55.600433329,OPENAT,6932
2022-08-30T19:36:55.600830113,OPENAT,7589
2022-08-30T19:36:55.600869472,READ,4274
2022-08-30T19:36:55.600905536,READ,2972
2022-08-30T19:36:55.600913527,READ,1801
2022-08-30T19:36:55.600988861,OPENAT,6110
2022-08-30T19:36:55.601024718,READ,3614
2022-08-30T19:36:55.601050395,READ,2573
2022-08-30T19:36:55.601595898,READ,3241
2022-08-30T19:36:55.601610213,READ,1942
2022-08-30T19:36:55.602218889,OPENAT,7698
2022-08-30T19:36:55.602546570,OPENAT,9759
2022-08-30T19:36:55.602594621,READ,13397
2022-08-30T19:36:55.602602438,READ,2033
2022-08-30T19:36:55.602903283,OPENAT,9442
2022-08-30T19:36:55.602977504,READ,36383
2022-08-30T19:36:55.602987357,READ,2117
2022-08-30T19:36:55.603370830,OPENAT,10159
2022-08-30T19:36:55.603420631,READ,14350
2022-08-30T19:36:55.603429211,READ,2074
2022-08-30T19:36:55.604034188,OPENAT,10130
2022-08-30T19:36:55.604068927,READ,5279
2022-08-30T19:36:55.604077312,READ,1963
2022-08-30T19:36:55.604623313,OPENAT,9523
2022-08-30T19:36:55.604657933,READ,4328
2022-08-30T19:36:55.604666003,READ,1903
2022-08-30T19:36:55.604872896,OPENAT,9096
2022-08-30T19:36:55.604905225,READ,4898
2022-08-30T19:36:55.604913685,READ,1903
2022-08-30T19:36:55.605159817,OPENAT,10091
2022-08-30T19:36:55.605169795,READ,4205
2022-08-30T19:36:55.605696698,OPENAT,9931
2022-08-30T19:36:55.605731791,READ,4666
2022-08-30T19:36:55.605739798,READ,1977
2022-08-30T19:36:55.606568364,OPENAT,9545
2022-08-30T19:36:55.606616618,READ,11732
2022-08-30T19:36:55.606625440,READ,1951
2022-08-30T19:36:55.606887811,OPENAT,9159
2022-08-30T19:36:55.606978344,READ,57454
2022-08-30T19:36:55.606988274,READ,2217
2022-08-30T19:36:55.608119779,OPENAT,9810
2022-08-30T19:36:55.608201875,READ,5191
2022-08-30T19:36:55.608210612,READ,1967
2022-08-30T19:36:55.609180164,OPENAT,10092
2022-08-30T19:36:55.609216088,READ,5807
2022-08-30T19:36:55.609233398,READ,1989
2022-08-30T19:36:55.609606243,OPENAT,9183
2022-08-30T19:36:55.609681219,READ,15211
2022-08-30T19:36:55.609689690,READ,2012
2022-08-30T19:36:55.610059838,OPENAT,9676
2022-08-30T19:36:55.610111290,READ,4681
2022-08-30T19:36:55.610119665,READ,2059
2022-08-30T19:36:55.610900833,OPENAT,10128
2022-08-30T19:36:55.610973953,READ,17605
2022-08-30T19:36:55.610982729,READ,2091
2022-08-30T19:36:55.612208036,OPENAT,10595
2022-08-30T19:36:55.612244368,READ,5027
2022-08-30T19:36:55.612252674,READ,1979
2022-08-30T19:36:55.615985998,OPENAT,11429
2022-08-30T19:36:55.616032333,READ,8390
2022-08-30T19:36:55.616041476,READ,2074
2022-08-30T19:36:55.618128134,OPENAT,10231
2022-08-30T19:36:55.618173330,READ,11235
2022-08-30T19:36:55.618181517,READ,2011
2022-08-30T19:36:55.618546339,OPENAT,10297
2022-08-30T19:36:55.618558103,READ,4436
2022-08-30T19:36:55.618646544,OPENAT,5341
2022-08-30T19:36:55.618662076,OPENAT,4201
2022-08-30T19:36:55.618675896,OPENAT,3646
2022-08-30T19:36:55.618689612,OPENAT,3411
2022-08-30T19:36:55.618703094,OPENAT,3640
2022-08-30T19:36:55.618716412,OPENAT,3478
2022-08-30T19:36:55.618729763,OPENAT,3353
2022-08-30T19:36:55.618748308,OPENAT,8964
2022-08-30T19:36:55.618757156,READ,3167
2022-08-30T19:36:55.619312827,OPENAT,9773
2022-08-30T19:36:55.619347108,READ,4333
2022-08-30T19:36:55.619355261,READ,1869
2022-08-30T19:36:55.619525366,OPENAT,9428
2022-08-30T19:36:55.619534399,READ,3887
2022-08-30T19:36:55.620543805,OPENAT,8158
2022-08-30T19:36:55.620686857,OPENAT,8862
2022-08-30T19:36:55.620727931,READ,4623
2022-08-30T19:36:55.620736202,READ,1888
2022-08-30T19:36:55.621032607,OPENAT,7981
2022-08-30T19:36:55.621267430,OPENAT,9483
2022-08-30T19:36:55.621326628,READ,10073
2022-08-30T19:36:55.621335729,READ,2073
2022-08-30T19:36:55.621642015,OPENAT,9610
2022-08-30T19:36:55.621705898,READ,4004
2022-08-30T19:36:55.621712687,READ,1823
2022-08-30T19:36:55.621848863,OPENAT,7196
2022-08-30T19:36:55.621979606,OPENAT,8628
2022-08-30T19:36:55.622015282,READ,3802
2022-08-30T19:36:55.622022896,READ,1789
2022-08-30T19:36:55.622231302,OPENAT,9686
2022-08-30T19:36:55.622259037,READ,20887
2022-08-30T19:36:55.622604445,OPENAT,8972
2022-08-30T19:36:55.622655820,READ,4989
2022-08-30T19:36:55.622663778,READ,1845
2022-08-30T19:36:55.622971052,OPENAT,10041
2022-08-30T19:36:55.623036007,READ,17690
2022-08-30T19:36:55.623045751,READ,2161
2022-08-30T19:36:55.623616860,OPENAT,13686
2022-08-30T19:36:55.623659589,READ,4987
2022-08-30T19:36:55.623667690,READ,1948
2022-08-30T19:36:55.624291006,OPENAT,10263
2022-08-30T19:36:55.624314943,READ,4720
2022-08-30T19:36:55.624753109,OPENAT,8947
2022-08-30T19:36:55.624837781,READ,45932
2022-08-30T19:36:55.624846647,READ,2006
2022-08-30T19:36:55.625572206,OPENAT,8984
2022-08-30T19:36:55.625610781,READ,6002
2022-08-30T19:36:55.625619037,READ,1974
2022-08-30T19:36:55.628371398,OPENAT,9382
2022-08-30T19:36:55.628416425,READ,9567
2022-08-30T19:36:55.628424784,READ,1908
2022-08-30T19:36:55.628807138,OPENAT,9001
2022-08-30T19:36:55.628845907,READ,7821
2022-08-30T19:36:55.628859077,READ,2066
2022-08-30T19:36:55.629220799,OPENAT,9248
2022-08-30T19:36:55.629271882,READ,4062
2022-08-30T19:36:55.629279195,READ,1940
2022-08-30T19:36:55.629521285,OPENAT,8246
2022-08-30T19:36:55.629562314,READ,8936
2022-08-30T19:36:55.629570588,READ,1902
2022-08-30T19:36:55.630030526,OPENAT,9271
2022-08-30T19:36:55.630083646,READ,4068
2022-08-30T19:36:55.630090578,READ,1805
2022-08-30T19:36:55.631934503,OPENAT,11402
2022-08-30T19:36:55.631975051,READ,5171
2022-08-30T19:36:55.631994784,READ,2075
2022-08-30T19:36:55.632202358,OPENAT,9065
2022-08-30T19:36:55.632297776,READ,41831
2022-08-30T19:36:55.632306027,READ,2202
2022-08-30T19:36:55.633001637,OPENAT,9614
2022-08-30T19:36:55.633047103,READ,5678
2022-08-30T19:36:55.633055751,READ,1882
2022-08-30T19:36:55.633501135,OPENAT,9091
2022-08-30T19:36:55.633556356,READ,4901
2022-08-30T19:36:55.633564624,READ,1999
2022-08-30T19:36:55.633824553,OPENAT,9488
2022-08-30T19:36:55.633834272,READ,4212
2022-08-30T19:36:55.634603840,OPENAT,10306
2022-08-30T19:36:55.634640256,READ,4941
2022-08-30T19:36:55.634660467,READ,1996
2022-08-30T19:36:55.634819032,OPENAT,7658
2022-08-30T19:36:55.635001969,OPENAT,14320
2022-08-30T19:36:55.635037576,READ,4297
2022-08-30T19:36:55.635046321,READ,2008
2022-08-30T19:36:55.636775093,OPENAT,10028
2022-08-30T19:36:55.636811872,READ,6675
2022-08-30T19:36:55.636820452,READ,2038
2022-08-30T19:36:55.637173504,OPENAT,8766
2022-08-30T19:36:55.637227124,READ,21378
2022-08-30T19:36:55.637235514,READ,1996
2022-08-30T19:36:55.637729772,OPENAT,8920
2022-08-30T19:36:55.637763096,READ,4028
2022-08-30T19:36:55.637771187,READ,1861
2022-08-30T19:36:55.638065883,OPENAT,9340
2022-08-30T19:36:55.638077097,READ,4221
2022-08-30T19:36:55.638162962,OPENAT,10152
2022-08-30T19:36:55.638172230,READ,3029
2022-08-30T19:36:55.638516531,OPENAT,9577
2022-08-30T19:36:55.638552034,READ,5319
2022-08-30T19:36:55.638561267,READ,2068
2022-08-30T19:36:55.638845811,OPENAT,9059
2022-08-30T19:36:55.638880483,READ,4563
2022-08-30T19:36:55.638888663,READ,2070
2022-08-30T19:36:55.639274085,OPENAT,10897
2022-08-30T19:36:55.639296428,READ,4592
2022-08-30T19:36:55.639782322,OPENAT,9592
2022-08-30T19:36:55.639817292,READ,5267
2022-08-30T19:36:55.639824864,READ,1915
2022-08-30T19:36:55.640075975,OPENAT,9524
2022-08-30T19:36:55.640087375,READ,3863
2022-08-30T19:36:55.640179013,OPENAT,9805
2022-08-30T19:36:55.640187571,READ,3133
2022-08-30T19:36:55.640671342,OPENAT,10079
2022-08-30T19:36:55.640682990,READ,4353
2022-08-30T19:36:55.641328749,OPENAT,10265
2022-08-30T19:36:55.641389141,READ,12100
2022-08-30T19:36:55.641409160,READ,2053
2022-08-30T19:36:55.641744489,OPENAT,8899
2022-08-30T19:36:55.641792313,READ,4075
2022-08-30T19:36:55.641800382,READ,1902
2022-08-30T19:36:55.641980123,OPENAT,9412
2022-08-30T19:36:55.641990877,READ,4186
2022-08-30T19:36:55.642269533,OPENAT,31300
2022-08-30T19:36:55.642281187,READ,4433
2022-08-30T19:36:55.642580280,OPENAT,9407
2022-08-30T19:36:55.642601768,READ,4284
2022-08-30T19:36:55.642845087,OPENAT,8982
2022-08-30T19:36:55.642872634,READ,16110
2022-08-30T19:36:55.643084762,OPENAT,9556
2022-08-30T19:36:55.643138795,READ,9978
2022-08-30T19:36:55.643147322,READ,2039
2022-08-30T19:36:55.643996753,OPENAT,11841
2022-08-30T19:36:55.644032131,READ,4487
2022-08-30T19:36:55.644040356,READ,1966
2022-08-30T19:36:55.644307490,OPENAT,9474
2022-08-30T19:36:55.644372636,READ,25069
2022-08-30T19:36:55.644381591,READ,2215
2022-08-30T19:36:55.644862015,OPENAT,9383
2022-08-30T19:36:55.644912284,READ,4409
2022-08-30T19:36:55.644921354,READ,2020
2022-08-30T19:36:55.646436784,OPENAT,11418
2022-08-30T19:36:55.646448055,READ,4983
2022-08-30T19:36:55.646713901,OPENAT,9781
2022-08-30T19:36:55.646723759,READ,4209
2022-08-30T19:36:55.647068405,OPENAT,9667
2022-08-30T19:36:55.647107710,READ,6346
2022-08-30T19:36:55.647116351,READ,2073
2022-08-30T19:36:55.648826130,OPENAT,9421
2022-08-30T19:36:55.649969614,READ,183682
2022-08-30T19:36:55.650609089,READ,512992
2022-08-30T19:36:55.650620899,READ,2187
2022-08-30T19:36:55.650948658,OPENAT,14612
2022-08-30T19:36:55.650967283,READ,4272
2022-08-30T19:36:55.651055428,OPENAT,5910
2022-08-30T19:36:55.651070691,OPENAT,3534
2022-08-30T19:36:55.651084509,OPENAT,3561
2022-08-30T19:36:55.651098255,OPENAT,3443
2022-08-30T19:36:55.651112365,OPENAT,3450
2022-08-30T19:36:55.651125388,OPENAT,3572
2022-08-30T19:36:55.651137955,OPENAT,3880
2022-08-30T19:36:55.651150576,OPENAT,3909
2022-08-30T19:36:55.651166533,OPENAT,4222
2022-08-30T19:36:55.651180881,OPENAT,3889
2022-08-30T19:36:55.651195808,OPENAT,3863
2022-08-30T19:36:55.651210117,OPENAT,3821
2022-08-30T19:36:55.651225063,OPENAT,3972
2022-08-30T19:36:55.651249654,OPENAT,3871
2022-08-30T19:36:55.651264657,OPENAT,4211
2022-08-30T19:36:55.651292992,OPENAT,7383
2022-08-30T19:36:55.651310399,READ,3362
2022-08-30T19:36:55.651381346,OPENAT,5048
2022-08-30T19:36:55.651395352,OPENAT,7674
2022-08-30T19:36:55.651404543,READ,3132
2022-08-30T19:36:55.651473207,OPENAT,4859
2022-08-30T19:36:55.651486646,OPENAT,6824
2022-08-30T19:36:55.651495669,READ,3039
2022-08-30T19:36:55.651507071,READ,2178
2022-08-30T19:36:55.651587175,OPENAT,4863
2022-08-30T19:36:55.651602641,OPENAT,8895
2022-08-30T19:36:55.651611961,READ,3129
2022-08-30T19:36:55.651623184,READ,2249
2022-08-30T19:36:55.651639289,READ,2183
2022-08-30T19:36:55.651720202,OPENAT,4874
2022-08-30T19:36:55.651733619,OPENAT,7891
2022-08-30T19:36:55.651741663,READ,3005
2022-08-30T19:36:55.651753048,READ,2159
2022-08-30T19:36:55.651770315,READ,2143
2022-08-30T19:36:55.651850507,OPENAT,4850
2022-08-30T19:36:55.651864608,OPENAT,8398
2022-08-30T19:36:55.651873038,READ,3031
2022-08-30T19:36:55.651884223,READ,2222
2022-08-30T19:36:55.651901865,READ,2186
2022-08-30T19:36:55.651961301,OPENAT,4955
2022-08-30T19:36:55.651977544,OPENAT,8966
2022-08-30T19:36:55.651986652,READ,2976
2022-08-30T19:36:55.651997697,READ,2220
2022-08-30T19:36:55.652016942,READ,2151
2022-08-30T19:36:55.652069416,OPENAT,4710
2022-08-30T19:36:55.652099511,OPENAT,23661
2022-08-30T19:36:55.652108390,READ,2894
2022-08-30T19:36:55.652119175,READ,2062
2022-08-30T19:36:55.652134739,READ,2113
2022-08-30T19:36:55.652186404,OPENAT,4694
2022-08-30T19:36:55.652200220,OPENAT,7576
2022-08-30T19:36:55.652209284,READ,2863
2022-08-30T19:36:55.652286112,OPENAT,8995
2022-08-30T19:36:55.652295097,READ,2832
2022-08-30T19:36:55.652369754,OPENAT,11363
2022-08-30T19:36:55.652377799,READ,2817
2022-08-30T19:36:55.652449026,OPENAT,9122
2022-08-30T19:36:55.652458045,READ,3021
2022-08-30T19:36:55.652469232,READ,2328
2022-08-30T19:36:55.652487376,READ,2207
2022-08-30T19:36:55.668475872,OPENAT,21999
2022-08-30T19:36:55.668750965,OPENAT,3900
2022-08-30T19:36:55.668760760,OPENAT,2071
2022-08-30T19:36:55.671788923,OPENAT,11865
2022-08-30T19:36:55.671802471,READ,5844
2022-08-30T19:36:55.671989440,OPENAT,5389
2022-08-30T19:36:55.672006060,OPENAT,5314
2022-08-30T19:36:55.672019356,OPENAT,3572
2022-08-30T19:36:55.672031348,OPENAT,3445
2022-08-30T19:36:55.672046637,OPENAT,5660
2022-08-30T19:36:55.672060985,OPENAT,3831
2022-08-30T19:36:55.672074698,OPENAT,4288
2022-08-30T19:36:55.672088640,OPENAT,4203
2022-08-30T19:36:55.672106709,OPENAT,7313
2022-08-30T19:36:55.672114743,READ,3557
2022-08-30T19:36:55.672198110,OPENAT,8183
2022-08-30T19:36:55.672206325,READ,3055
2022-08-30T19:36:55.672280319,OPENAT,7438
2022-08-30T19:36:55.672288435,READ,3024
2022-08-30T19:36:55.672344982,OPENAT,8091
2022-08-30T19:36:55.672352970,READ,3004
2022-08-30T19:36:55.672438685,OPENAT,8066
2022-08-30T19:36:55.672446777,READ,2987
2022-08-30T19:36:55.672550699,OPENAT,8313
2022-08-30T19:36:55.672558849,READ,2997
2022-08-30T19:36:55.672622243,OPENAT,7852
2022-08-30T19:36:55.672630089,READ,2829
2022-08-30T19:36:55.672640572,READ,2049
2022-08-30T19:36:55.672790212,OPENAT,6757
2022-08-30T19:36:55.672823976,OPENAT,14399
2022-08-30T19:36:55.672832118,READ,3280
2022-08-30T19:36:55.672843380,READ,2356
2022-08-30T19:36:55.672860885,READ,2486
2022-08-30T19:36:55.672944668,OPENAT,5136
2022-08-30T19:36:55.672958679,OPENAT,8513
2022-08-30T19:36:55.672966587,READ,3030
2022-08-30T19:36:55.672977373,READ,2232
2022-08-30T19:36:55.672991719,READ,2201
2022-08-30T19:36:56.102575530,OPENAT,8328
2022-08-30T19:36:56.102588051,OPENAT,2072
2022-08-30T19:36:56.168599076,OPENAT,33750
2022-08-30T19:36:56.168616560,READ,7993
2022-08-30T19:36:56.168641294,READ,17592
2022-08-30T19:36:56.168665562,OPENAT,7122
2022-08-30T19:36:56.168674932,READ,3937
2022-08-30T19:36:56.168682210,READ,1612
2022-08-30T19:36:56.168720684,OPENAT,8998
2022-08-30T19:36:56.168730471,READ,3538
2022-08-30T19:36:56.168738429,READ,1575
2022-08-30T19:36:56.168774307,OPENAT,23522
2022-08-30T19:36:56.168784024,READ,3499
2022-08-30T19:36:56.168791349,READ,1654
2022-08-30T19:36:56.168817325,OPENAT,6914
2022-08-30T19:36:56.168825873,READ,3402
2022-08-30T19:36:56.168844573,READ,1645
2022-08-30T19:36:56.170680206,OPENAT,1811814
2022-08-30T19:36:56.170724342,READ,38016
2022-08-30T19:36:56.170749483,READ,15293
2022-08-30T19:36:56.170770250,READ,14575
2022-08-30T19:36:56.170791283,READ,14705
2022-08-30T19:36:56.170812035,READ,14347
2022-08-30T19:36:56.170845360,READ,14355
2022-08-30T19:36:56.170865865,READ,14411
2022-08-30T19:36:56.170886784,READ,14556
2022-08-30T19:36:56.170907034,READ,14221
2022-08-30T19:36:56.170933226,READ,19997
2022-08-30T19:36:56.170953963,READ,14577
2022-08-30T19:36:56.170974155,READ,14358
2022-08-30T19:36:56.171021787,READ,13899
2022-08-30T19:36:56.171059323,READ,14262
2022-08-30T19:36:56.171080300,READ,14405
2022-08-30T19:36:56.171101064,READ,14192
2022-08-30T19:36:56.171121784,READ,14249
2022-08-30T19:36:56.171142904,READ,14167
2022-08-30T19:36:56.171163815,READ,14427
2022-08-30T19:36:56.171184765,READ,14317
2022-08-30T19:36:56.171205452,READ,14187
2022-08-30T19:36:56.171231706,READ,14327
2022-08-30T19:36:56.171265760,READ,14179
2022-08-30T19:36:56.171285993,READ,14401
2022-08-30T19:36:56.171306040,READ,14232
2022-08-30T19:36:56.171340524,READ,14146
2022-08-30T19:36:56.171364484,READ,14198
2022-08-30T19:36:56.171385382,READ,14265
2022-08-30T19:36:56.171406224,READ,14316
2022-08-30T19:36:56.171426758,READ,14293
2022-08-30T19:36:56.171447549,READ,14167
2022-08-30T19:36:56.171468127,READ,14277
2022-08-30T19:36:56.171488733,READ,14287
2022-08-30T19:36:56.171509470,READ,14189
2022-08-30T19:36:56.171530174,READ,14173
2022-08-30T19:36:56.171550846,READ,14194
2022-08-30T19:36:56.171572372,READ,14276
2022-08-30T19:36:56.171594199,READ,14328
2022-08-30T19:36:56.171614790,READ,14161
2022-08-30T19:36:56.171635391,READ,14180
2022-08-30T19:36:56.171656429,READ,14165
2022-08-30T19:36:56.171677929,READ,14099
2022-08-30T19:36:56.171698499,READ,14126
2022-08-30T19:36:56.171719176,READ,14158
2022-08-30T19:36:56.171740287,READ,14252
2022-08-30T19:36:56.171761134,READ,14279
2022-08-30T19:36:56.171782126,READ,14302
2022-08-30T19:36:56.171802933,READ,14276
2022-08-30T19:36:56.171823759,READ,14380
2022-08-30T19:36:56.171844966,READ,14294
2022-08-30T19:36:56.171865719,READ,14225
2022-08-30T19:36:56.171886734,READ,14195
2022-08-30T19:36:56.171907632,READ,14161
2022-08-30T19:36:56.171928237,READ,14216
2022-08-30T19:36:56.171948851,READ,14269
2022-08-30T19:36:56.171969259,READ,14300
2022-08-30T19:36:56.171990178,READ,14198
2022-08-30T19:36:56.172010673,READ,14197
2022-08-30T19:36:56.172032149,READ,14245
2022-08-30T19:36:56.172053040,READ,14151
2022-08-30T19:36:56.172073898,READ,14206
2022-08-30T19:36:56.172094521,READ,14160
2022-08-30T19:36:56.172115218,READ,14170
2022-08-30T19:36:56.172135929,READ,14290
2022-08-30T19:36:56.172156880,READ,14276
2022-08-30T19:36:56.172194767,READ,30374
2022-08-30T19:36:56.172215190,READ,13723
2022-08-30T19:36:56.172235075,READ,13713
2022-08-30T19:36:56.172254736,READ,13696
2022-08-30T19:36:56.172275039,READ,13661
2022-08-30T19:36:56.172313267,READ,14241
2022-08-30T19:36:56.172334230,READ,14226
2022-08-30T19:36:56.172354992,READ,14393
2022-08-30T19:36:56.172387898,READ,14248
2022-08-30T19:36:56.172408336,READ,14201
2022-08-30T19:36:56.172429020,READ,14222
2022-08-30T19:36:56.172449503,READ,14175
2022-08-30T19:36:56.172470457,READ,14236
2022-08-30T19:36:56.172490971,READ,14268
2022-08-30T19:36:56.172499419,READ,1853
2022-08-30T19:36:56.172508029,READ,1671
2022-08-30T19:36:56.248568197,OPENAT,2216852
2022-08-30T19:36:56.248621499,READ,35556
2022-08-30T19:36:56.248648223,READ,16399
2022-08-30T19:36:56.248667776,READ,14838
2022-08-30T19:36:56.248687240,READ,14672
2022-08-30T19:36:56.248692560,READ,1772
2022-08-30T19:36:56.248711054,READ,14674
2022-08-30T19:36:56.248730132,READ,14761
2022-08-30T19:36:56.248748973,READ,14515
2022-08-30T19:36:56.248755036,READ,1796
2022-08-30T19:36:56.248772853,READ,14187
2022-08-30T19:36:56.248807659,READ,30805
2022-08-30T19:36:56.248843201,READ,31022
2022-08-30T19:36:56.248872469,READ,1688
2022-08-30T19:36:56.248889893,READ,13941
2022-08-30T19:36:56.248908102,READ,14060
2022-08-30T19:36:56.248926377,READ,14001
2022-08-30T19:36:56.248932285,READ,1701
2022-08-30T19:36:56.248949349,READ,13772
2022-08-30T19:36:56.248967359,READ,13757
2022-08-30T19:36:56.248985575,READ,13800
2022-08-30T19:36:56.248991515,READ,1767
2022-08-30T19:36:56.249008937,READ,13722
2022-08-30T19:36:56.249027784,READ,13783
2022-08-30T19:36:56.249045409,READ,13682
2022-08-30T19:36:56.249050806,READ,1680
2022-08-30T19:36:56.249067475,READ,13581
2022-08-30T19:36:56.249085187,READ,13659
2022-08-30T19:36:56.249102944,READ,13738
2022-08-30T19:36:56.249108972,READ,1678
2022-08-30T19:36:56.249126151,READ,13767
2022-08-30T19:36:56.249143992,READ,13690
2022-08-30T19:36:56.249161866,READ,13729
2022-08-30T19:36:56.249167740,READ,1757
2022-08-30T19:36:56.249185492,READ,13783
2022-08-30T19:36:56.249203026,READ,13665
2022-08-30T19:36:56.249220883,READ,13690
2022-08-30T19:36:56.249238825,READ,13713
2022-08-30T19:36:56.249244062,READ,1672
2022-08-30T19:36:56.249261619,READ,13749
2022-08-30T19:36:56.249279434,READ,13752
2022-08-30T19:36:56.249297433,READ,13687
2022-08-30T19:36:56.249302414,READ,1672
2022-08-30T19:36:56.249319780,READ,13761
2022-08-30T19:36:56.249337416,READ,13835
2022-08-30T19:36:56.249355494,READ,13882
2022-08-30T19:36:56.249360813,READ,1665
2022-08-30T19:36:56.249378301,READ,13762
2022-08-30T19:36:56.249396469,READ,13801
2022-08-30T19:36:56.249414751,READ,13746
2022-08-30T19:36:56.249420145,READ,1740
2022-08-30T19:36:56.249437558,READ,13824
2022-08-30T19:36:56.249455429,READ,13831
2022-08-30T19:36:56.249473147,READ,13759
2022-08-30T19:36:56.249478503,READ,1715
2022-08-30T19:36:56.249495437,READ,13726
2022-08-30T19:36:56.249513414,READ,13877
2022-08-30T19:36:56.249531246,READ,13736
2022-08-30T19:36:56.249536992,READ,1744
2022-08-30T19:36:56.249554419,READ,13711
2022-08-30T19:36:56.249572136,READ,13755
2022-08-30T19:36:56.249606060,READ,29814
2022-08-30T19:36:56.249611894,READ,1625
2022-08-30T19:36:56.249646197,READ,13626
2022-08-30T19:36:56.249663925,READ,13703
2022-08-30T19:36:56.249681769,READ,13656
2022-08-30T19:36:56.249687968,READ,1634
2022-08-30T19:36:56.249705182,READ,13697
2022-08-30T19:36:56.249723127,READ,13751
2022-08-30T19:36:56.249741448,READ,13794
2022-08-30T19:36:56.249759535,READ,13720
2022-08-30T19:36:56.249765269,READ,1662
2022-08-30T19:36:56.249782274,READ,13666
2022-08-30T19:36:56.249801382,READ,13701
2022-08-30T19:36:56.249819983,READ,13815
2022-08-30T19:36:56.249825756,READ,1650
2022-08-30T19:36:56.249843495,READ,13720
2022-08-30T19:36:56.249861853,READ,13720
2022-08-30T19:36:56.249880043,READ,13655
2022-08-30T19:36:56.249885187,READ,1783
2022-08-30T19:36:56.249903029,READ,13783
2022-08-30T19:36:56.249920865,READ,13690
2022-08-30T19:36:56.249945730,READ,13685
2022-08-30T19:36:56.249950884,READ,1704
2022-08-30T19:36:56.249968221,READ,13656
2022-08-30T19:36:56.249986057,READ,13822
2022-08-30T19:36:56.250004181,READ,13946
2022-08-30T19:36:56.250009615,READ,1726
2022-08-30T19:36:56.250026940,READ,13688
2022-08-30T19:36:56.250045069,READ,13809
2022-08-30T19:36:56.250063058,READ,13715
2022-08-30T19:36:56.250068450,READ,1643
2022-08-30T19:36:56.250085557,READ,13726
2022-08-30T19:36:56.250103117,READ,13718
2022-08-30T19:36:56.250120892,READ,13702
2022-08-30T19:36:56.250137784,READ,1734
2022-08-30T19:36:56.250154682,READ,13801
2022-08-30T19:36:56.250187687,READ,13298
2022-08-30T19:36:56.250204744,READ,13286
2022-08-30T19:36:56.250210123,READ,1618
2022-08-30T19:36:56.250226851,READ,13299
2022-08-30T19:36:56.250258056,READ,13326
2022-08-30T19:36:56.250292964,READ,13693
2022-08-30T19:36:56.250298809,READ,1720
2022-08-30T19:36:56.250315479,READ,13670
2022-08-30T19:36:56.250333126,READ,13705
2022-08-30T19:36:56.250341017,READ,1840
2022-08-30T19:36:56.250345741,READ,1551
2022-08-30T19:36:56.260763724,OPENAT,11789
2022-08-30T19:36:56.260774952,READ,3747
2022-08-30T19:36:56.261175280,OPENAT,11152
2022-08-30T19:36:56.261227479,READ,7839
2022-08-30T19:36:56.261263980,READ,2036
2022-08-30T19:36:56.261495135,OPENAT,8227
2022-08-30T19:36:56.261700613,OPENAT,9804
2022-08-30T19:36:56.261733747,READ,4599
2022-08-30T19:36:56.261740652,READ,1976
2022-08-30T19:36:56.262036316,OPENAT,10503
2022-08-30T19:36:56.262060782,READ,4636
2022-08-30T19:36:56.262073043,READ,2124
2022-08-30T19:36:56.262361573,OPENAT,9683
2022-08-30T19:36:56.262385741,READ,4200
2022-08-30T19:36:56.262392380,READ,1981
2022-08-30T19:36:56.262581765,OPENAT,9801
2022-08-30T19:36:56.262605033,READ,4446
2022-08-30T19:36:56.262611257,READ,2154
2022-08-30T19:36:56.262884191,OPENAT,9806
2022-08-30T19:36:56.262906773,READ,3990
2022-08-30T19:36:56.262914331,READ,2015
2022-08-30T19:36:56.263103872,OPENAT,9304
2022-08-30T19:36:56.263204229,OPENAT,10670
2022-08-30T19:36:56.263213903,READ,4201
2022-08-30T19:36:56.263285217,OPENAT,6048
2022-08-30T19:36:56.263296303,OPENAT,3745
2022-08-30T19:36:56.263306209,OPENAT,4098
2022-08-30T19:36:56.263315733,OPENAT,3711
2022-08-30T19:36:56.263326046,OPENAT,4208
2022-08-30T19:36:56.263348829,OPENAT,3773
2022-08-30T19:36:56.263357922,OPENAT,3729
2022-08-30T19:36:56.263370659,OPENAT,7648
2022-08-30T19:36:56.263377174,READ,3229
2022-08-30T19:36:56.264313784,OPENAT,11947
2022-08-30T19:36:56.264323072,READ,4548
2022-08-30T19:36:56.264890175,OPENAT,27957
2022-08-30T19:36:56.264957038,READ,38832
2022-08-30T19:36:56.264964313,READ,2089
2022-08-30T19:36:56.265543755,OPENAT,10357
2022-08-30T19:36:56.265567599,READ,4826
2022-08-30T19:36:56.265573716,READ,2045
2022-08-30T19:36:56.266784420,OPENAT,11447
2022-08-30T19:36:56.266813402,READ,5061
2022-08-30T19:36:56.266820461,READ,2096
2022-08-30T19:36:56.267058951,OPENAT,8848
2022-08-30T19:36:56.267313193,OPENAT,10592
2022-08-30T19:36:56.267368566,READ,28279
2022-08-30T19:36:56.267375304,READ,2201
2022-08-30T19:36:56.267696272,OPENAT,11027
2022-08-30T19:36:56.267718543,READ,4401
2022-08-30T19:36:56.267724000,READ,1983
2022-08-30T19:36:56.267963070,OPENAT,11765
2022-08-30T19:36:56.267971697,READ,4279
2022-08-30T19:36:56.268790254,OPENAT,10920
2022-08-30T19:36:56.268890626,READ,53336
2022-08-30T19:36:56.268898920,READ,2391
2022-08-30T19:36:56.270047205,OPENAT,11385
2022-08-30T19:36:56.270056509,READ,4514
2022-08-30T19:36:56.271968990,OPENAT,11500
2022-08-30T19:36:56.271995140,READ,4937
2022-08-30T19:36:56.272001404,READ,2082
2022-08-30T19:36:56.272185110,OPENAT,8541
2022-08-30T19:36:56.272367079,OPENAT,11202
2022-08-30T19:36:56.272400832,READ,10473
2022-08-30T19:36:56.272407096,READ,2135
2022-08-30T19:36:56.272678860,OPENAT,10136
2022-08-30T19:36:56.272702577,READ,4756
2022-08-30T19:36:56.272708444,READ,1996
2022-08-30T19:36:56.272959469,OPENAT,9254
2022-08-30T19:36:56.273004470,READ,23314
2022-08-30T19:36:56.273010433,READ,2061
2022-08-30T19:36:56.273563248,OPENAT,10011
2022-08-30T19:36:56.273588246,READ,5683
2022-08-30T19:36:56.273594112,READ,2054
2022-08-30T19:36:56.274471011,OPENAT,10280
2022-08-30T19:36:56.274499081,READ,4543
2022-08-30T19:36:56.274505546,READ,2047
2022-08-30T19:36:56.274746059,OPENAT,7977
2022-08-30T19:36:56.274896943,OPENAT,10130
2022-08-30T19:36:56.274932939,READ,17631
2022-08-30T19:36:56.274940366,READ,2375
2022-08-30T19:36:56.277103252,OPENAT,12207
2022-08-30T19:36:56.277155789,READ,27960
2022-08-30T19:36:56.277162480,READ,2203
2022-08-30T19:36:56.277755748,OPENAT,17370
2022-08-30T19:36:56.277780048,READ,4874
2022-08-30T19:36:56.277792883,READ,2341
2022-08-30T19:36:56.278186237,OPENAT,11557
2022-08-30T19:36:56.278195278,READ,4397
2022-08-30T19:36:56.283415148,OPENAT,11693
2022-08-30T19:36:56.283444147,READ,5037
2022-08-30T19:36:56.283451588,READ,1929
2022-08-30T19:36:56.283816002,OPENAT,11879
2022-08-30T19:36:56.283843600,READ,6240
2022-08-30T19:36:56.283851086,READ,2181
2022-08-30T19:36:56.284121835,OPENAT,9311
2022-08-30T19:36:56.284146384,READ,5207
2022-08-30T19:36:56.284153297,READ,1907
2022-08-30T19:36:56.284694769,OPENAT,10625
2022-08-30T19:36:56.284719634,READ,4569
2022-08-30T19:36:56.284726495,READ,2050
2022-08-30T19:36:56.284991488,OPENAT,10273
2022-08-30T19:36:56.285041981,READ,4764
2022-08-30T19:36:56.285047860,READ,2096
2022-08-30T19:36:56.285323776,OPENAT,9635
2022-08-30T19:36:56.285353903,READ,4715
2022-08-30T19:36:56.285360689,READ,1980
2022-08-30T19:36:56.286375496,OPENAT,10815
2022-08-30T19:36:56.286446685,READ,41652
2022-08-30T19:36:56.286454235,READ,2123
2022-08-30T19:36:56.286986446,OPENAT,10861
2022-08-30T19:36:56.287022205,READ,7377
2022-08-30T19:36:56.287029657,READ,2128
2022-08-30T19:36:56.287337899,OPENAT,10384
2022-08-30T19:36:56.287362091,READ,4945
2022-08-30T19:36:56.287369547,READ,2053
2022-08-30T19:36:56.287632278,OPENAT,10161
2022-08-30T19:36:56.287726570,READ,70425
2022-08-30T19:36:56.287734590,READ,2430
2022-08-30T19:36:56.288206058,OPENAT,10039
2022-08-30T19:36:56.288333260,READ,5379
2022-08-30T19:36:56.288340677,READ,2042
2022-08-30T19:36:56.288619790,OPENAT,10281
2022-08-30T19:36:56.288644168,READ,4735
2022-08-30T19:36:56.288650806,READ,1983
2022-08-30T19:36:56.294075924,OPENAT,11529
2022-08-30T19:36:56.294121086,READ,6246
2022-08-30T19:36:56.294127257,READ,2058
2022-08-30T19:36:56.296358359,OPENAT,11944
2022-08-30T19:36:56.296390740,READ,10632
2022-08-30T19:36:56.296397908,READ,2107
2022-08-30T19:36:56.297856260,OPENAT,12166
2022-08-30T19:36:56.297932843,READ,30943
2022-08-30T19:36:56.297940644,READ,2276
2022-08-30T19:36:56.302987834,OPENAT,11599
2022-08-30T19:36:56.303018179,READ,7692
2022-08-30T19:36:56.303025447,READ,2090
2022-08-30T19:36:56.303572578,OPENAT,10876
2022-08-30T19:36:56.303599775,READ,5360
2022-08-30T19:36:56.303622469,READ,17769
2022-08-30T19:36:56.303931047,OPENAT,10297
2022-08-30T19:36:56.303964483,READ,9502
2022-08-30T19:36:56.303971416,READ,2086
2022-08-30T19:36:56.304624442,OPENAT,10957
2022-08-30T19:36:56.304650985,READ,5325
2022-08-30T19:36:56.304657558,READ,1944
2022-08-30T19:36:56.304936897,OPENAT,10367
2022-08-30T19:36:56.304984636,READ,7698
2022-08-30T19:36:56.304991524,READ,1975
2022-08-30T19:36:56.305443540,OPENAT,10778
2022-08-30T19:36:56.305488935,READ,20189
2022-08-30T19:36:56.305496200,READ,2155
2022-08-30T19:36:56.306241426,OPENAT,11640
2022-08-30T19:36:56.306373381,READ,98505
2022-08-30T19:36:56.306398077,READ,2383
2022-08-30T19:36:56.307732847,OPENAT,12589
2022-08-30T19:36:56.307744872,READ,4877
2022-08-30T19:36:56.309187058,OPENAT,11809
2022-08-30T19:36:56.309216109,READ,4819
2022-08-30T19:36:56.309223569,READ,2098
2022-08-30T19:36:56.309461472,OPENAT,9965
2022-08-30T19:36:56.309488240,READ,6159
2022-08-30T19:36:56.309494787,READ,2014
2022-08-30T19:36:56.309875774,OPENAT,9847
2022-08-30T19:36:56.309907226,READ,5837
2022-08-30T19:36:56.309914036,READ,2024
2022-08-30T19:36:56.312751918,OPENAT,11310
2022-08-30T19:36:56.312778266,READ,5301
2022-08-30T19:36:56.312786604,READ,2068
2022-08-30T19:36:56.313304063,OPENAT,16831
2022-08-30T19:36:56.313328282,READ,4484
2022-08-30T19:36:56.313338240,READ,2053
2022-08-30T19:36:56.313486581,OPENAT,8539
2022-08-30T19:36:56.313676087,OPENAT,10349
2022-08-30T19:36:56.313701003,READ,4541
2022-08-30T19:36:56.313707931,READ,1979
2022-08-30T19:36:56.314057068,OPENAT,24793
2022-08-30T19:36:56.314084334,READ,5660
2022-08-30T19:36:56.314091231,READ,2056
2022-08-30T19:36:56.314309108,OPENAT,9765
2022-08-30T19:36:56.314345119,READ,13401
2022-08-30T19:36:56.314368687,READ,18867
2022-08-30T19:36:56.314641827,OPENAT,10089
2022-08-30T19:36:56.314667028,READ,4742
2022-08-30T19:36:56.314673539,READ,1982
2022-08-30T19:36:56.317232360,OPENAT,10929
2022-08-30T19:36:56.317268155,READ,9172
2022-08-30T19:36:56.317275412,READ,1986
2022-08-30T19:36:56.317625122,OPENAT,10833
2022-08-30T19:36:56.317649031,READ,4356
2022-08-30T19:36:56.317656171,READ,1958
2022-08-30T19:36:56.317778646,OPENAT,8776
2022-08-30T19:36:56.317923757,OPENAT,9311
2022-08-30T19:36:56.317958728,READ,15494
2022-08-30T19:36:56.317964914,READ,2032
2022-08-30T19:36:56.318283664,OPENAT,10520
2022-08-30T19:36:56.318309013,READ,4301
2022-08-30T19:36:56.318315812,READ,1952
2022-08-30T19:36:56.318456815,OPENAT,28244
2022-08-30T19:36:56.318586449,OPENAT,10628
2022-08-30T19:36:56.318641521,READ,28614
2022-08-30T19:36:56.318648821,READ,2078
2022-08-30T19:36:56.319135561,OPENAT,10552
2022-08-30T19:36:56.319164489,READ,7194
2022-08-30T19:36:56.319171556,READ,2154
2022-08-30T19:36:56.320431365,OPENAT,12416
2022-08-30T19:36:56.320443015,READ,4780
2022-08-30T19:36:56.320725205,OPENAT,10810
2022-08-30T19:36:56.320735210,READ,4330
2022-08-30T19:36:56.323331887,OPENAT,11535
2022-08-30T19:36:56.323443511,READ,79573
2022-08-30T19:36:56.323451403,READ,2541
2022-08-30T19:36:56.324099927,OPENAT,10864
2022-08-30T19:36:56.324129215,READ,7602
2022-08-30T19:36:56.324136522,READ,2049
2022-08-30T19:36:56.327745231,OPENAT,11253
2022-08-30T19:36:56.327773852,READ,5707
2022-08-30T19:36:56.327781533,READ,2136
2022-08-30T19:36:56.328801684,OPENAT,10565
2022-08-30T19:36:56.328833233,READ,10271
2022-08-30T19:36:56.328840229,READ,2093
2022-08-30T19:36:56.330645107,OPENAT,28301
2022-08-30T19:36:56.330676816,READ,8574
2022-08-30T19:36:56.330683889,READ,2176
2022-08-30T19:36:56.332397565,OPENAT,11308
2022-08-30T19:36:56.332457134,READ,39043
2022-08-30T19:36:56.332465520,READ,2205
2022-08-30T19:36:56.334034063,OPENAT,11212
2022-08-30T19:36:56.334079833,READ,7219
2022-08-30T19:36:56.334086849,READ,1987
2022-08-30T19:36:56.335213866,OPENAT,11396
2022-08-30T19:36:56.335244356,READ,7191
2022-08-30T19:36:56.335251854,READ,2065
2022-08-30T19:36:56.336332030,OPENAT,11167
2022-08-30T19:36:56.336400924,READ,11558
2022-08-30T19:36:56.336408512,READ,2035
2022-08-30T19:36:56.336907625,OPENAT,10301
2022-08-30T19:36:56.336936109,READ,6813
2022-08-30T19:36:56.336943251,READ,1961
2022-08-30T19:36:56.337268298,OPENAT,9867
2022-08-30T19:36:56.337307664,READ,6174
2022-08-30T19:36:56.337313260,READ,1940
2022-08-30T19:36:56.337692087,OPENAT,10653
2022-08-30T19:36:56.337720631,READ,7134
2022-08-30T19:36:56.337727525,READ,2012
2022-08-30T19:36:56.338892014,OPENAT,11359
2022-08-30T19:36:56.338922529,READ,7759
2022-08-30T19:36:56.338936178,READ,2349
2022-08-30T19:36:56.339220743,OPENAT,9720
2022-08-30T19:36:56.339245506,READ,4207
2022-08-30T19:36:56.339261821,READ,1936
2022-08-30T19:36:56.339451995,OPENAT,10057
2022-08-30T19:36:56.339461936,READ,4171
2022-08-30T19:36:56.341472456,OPENAT,11498
2022-08-30T19:36:56.341500653,READ,5528
2022-08-30T19:36:56.341507767,READ,1998
2022-08-30T19:36:56.341747543,OPENAT,10246
2022-08-30T19:36:56.341781204,READ,8991
2022-08-30T19:36:56.341787026,READ,1957
2022-08-30T19:36:56.342251764,OPENAT,26513
2022-08-30T19:36:56.342278398,READ,4786
2022-08-30T19:36:56.342285186,READ,1912
2022-08-30T19:36:56.342699244,OPENAT,10467
2022-08-30T19:36:56.342724827,READ,5062
2022-08-30T19:36:56.342732224,READ,2067
2022-08-30T19:36:56.342862077,OPENAT,8839
2022-08-30T19:36:56.343003282,OPENAT,9493
2022-08-30T19:36:56.343052178,READ,22738
2022-08-30T19:36:56.343059534,READ,2123
2022-08-30T19:36:56.343321120,OPENAT,13567
2022-08-30T19:36:56.343330965,READ,4319
2022-08-30T19:36:56.345004898,OPENAT,11349
2022-08-30T19:36:56.345033354,READ,5285
2022-08-30T19:36:56.345040421,READ,1963
2022-08-30T19:36:56.345553068,OPENAT,11479
2022-08-30T19:36:56.345594000,READ,4732
2022-08-30T19:36:56.345614645,READ,1963
2022-08-30T19:36:56.345739236,OPENAT,8687
2022-08-30T19:36:56.345879689,OPENAT,9968
2022-08-30T19:36:56.345927911,READ,22600
2022-08-30T19:36:56.345935278,READ,2120
2022-08-30T19:36:56.346256592,OPENAT,10373
2022-08-30T19:36:56.346284257,READ,6537
2022-08-30T19:36:56.346291028,READ,2162
2022-08-30T19:36:56.346787123,OPENAT,10374
2022-08-30T19:36:56.346838398,READ,27154
2022-08-30T19:36:56.346845236,READ,2044
2022-08-30T19:36:56.347417540,OPENAT,11089
2022-08-30T19:36:56.347465612,READ,21054
2022-08-30T19:36:56.347471932,READ,2104
2022-08-30T19:36:56.347960188,OPENAT,11045
2022-08-30T19:36:56.347992257,READ,10003
2022-08-30T19:36:56.347999747,READ,2165
2022-08-30T19:36:56.348489681,OPENAT,10836
2022-08-30T19:36:56.348545919,READ,30526
2022-08-30T19:36:56.348553296,READ,2157
2022-08-30T19:36:56.348952501,OPENAT,10619
2022-08-30T19:36:56.348988941,READ,11891
2022-08-30T19:36:56.348996324,READ,2053
2022-08-30T19:36:56.349437538,OPENAT,10371
2022-08-30T19:36:56.349496921,READ,30135
2022-08-30T19:36:56.349504550,READ,2164
2022-08-30T19:36:56.349938310,OPENAT,11310
2022-08-30T19:36:56.349965043,READ,4998
2022-08-30T19:36:56.349971256,READ,1940
2022-08-30T19:36:56.350143674,OPENAT,8561
2022-08-30T19:36:56.350322349,OPENAT,9681
2022-08-30T19:36:56.350346898,READ,4333
2022-08-30T19:36:56.350353615,READ,2023
2022-08-30T19:36:56.350491960,OPENAT,11104
2022-08-30T19:36:56.350501827,READ,4176
2022-08-30T19:36:56.351130629,OPENAT,12757
2022-08-30T19:36:56.351141822,READ,4637
2022-08-30T19:36:56.351513627,OPENAT,12042
2022-08-30T19:36:56.351524763,READ,4632
2022-08-30T19:36:56.352586444,OPENAT,10838
2022-08-30T19:36:56.352639544,READ,5041
2022-08-30T19:36:56.352646623,READ,1927
2022-08-30T19:36:56.352848031,OPENAT,11797
2022-08-30T19:36:56.352884084,READ,12806
2022-08-30T19:36:56.352889905,READ,2027
2022-08-30T19:36:56.353172641,OPENAT,11186
2022-08-30T19:36:56.353196877,READ,4208
2022-08-30T19:36:56.353588585,OPENAT,10211
2022-08-30T19:36:56.353614891,READ,5039
2022-08-30T19:36:56.353621659,READ,1926
2022-08-30T19:36:56.353840685,OPENAT,11165
2022-08-30T19:36:56.353849896,READ,4309
2022-08-30T19:36:56.353913606,OPENAT,8942
2022-08-30T19:36:56.353921937,READ,3351
2022-08-30T19:36:56.354533917,OPENAT,11186
2022-08-30T19:36:56.354577878,READ,5265
2022-08-30T19:36:56.354596758,READ,1968
2022-08-30T19:36:56.354887476,OPENAT,10876
2022-08-30T19:36:56.354896752,READ,4313
2022-08-30T19:36:56.355183772,OPENAT,10720
2022-08-30T19:36:56.355194373,READ,4269
2022-08-30T19:36:56.355868176,OPENAT,12650
2022-08-30T19:36:56.355878137,READ,4956
2022-08-30T19:36:56.356270616,OPENAT,11304
2022-08-30T19:36:56.356280990,READ,4289
2022-08-30T19:36:56.356588180,READ,4348
2022-08-30T19:36:56.357185724,OPENAT,13146
2022-08-30T19:36:56.357213971,READ,4592
2022-08-30T19:36:56.357558143,OPENAT,11343
