2022-08-30T19:36:55.581029029,OPENAT,47367
2022-08-30T19:36:55.581386430,OPENAT,4929
2022-08-30T19:36:55.581396498,OPENAT,2549
2022-08-30T19:36:55.581403489,OPENAT,2469
2022-08-30T19:36:55.581410481,OPENAT,2385
2022-08-30T19:36:55.581418217,OPENAT,2942
2022-08-30T19:36:55.581426237,OPENAT,2436
2022-08-30T19:36:55.581433111,OPENAT,2497
2022-08-30T19:36:55.581440208,OPENAT,2412
2022-08-30T19:36:55.581450215,OPENAT,2843
2022-08-30T19:36:55.581457836,OPENAT,2251
2022-08-30T19:36:55.581464330,OPENAT,2251
2022-08-30T19:36:55.581470912,OPENAT,2119
2022-08-30T19:36:55.581477943,OPENAT,2288
2022-08-30T19:36:55.581484348,OPENAT,2176
2022-08-30T19:36:55.581490531,OPENAT,2061
2022-08-30T19:36:55.581496624,OPENAT,1969
2022-08-30T19:36:55.581503112,OPENAT,2365
2022-08-30T19:36:55.581509292,OPENAT,2086
2022-08-30T19:36:55.581515744,OPENAT,2136
2022-08-30T19:36:55.581522583,OPENAT,2082
2022-08-30T19:36:55.581529022,OPENAT,2220
2022-08-30T19:36:55.581536193,OPENAT,2139
2022-08-30T19:36:55.581542528,OPENAT,2096
2022-08-30T19:36:55.581549211,OPENAT,2011
2022-08-30T19:36:55.581559369,OPENAT,5110
2022-08-30T19:36:55.581598808,OPENAT,6782
2022-08-30T19:36:55.581625033,READ,21938
2022-08-30T19:36:55.581671493,OPENAT,3621
2022-08-30T19:36:55.581719584,OPENAT,24276
2022-08-30T19:36:55.581726781,READ,2766
2022-08-30T19:36:55.581767640,OPENAT,3292
2022-08-30T19:36:55.581779912,OPENAT,5882
2022-08-30T19:36:55.581786687,READ,2510
2022-08-30T19:36:55.581819496,OPENAT,3183
2022-08-30T19:36:55.581832568,OPENAT,6016
2022-08-30T19:36:55.581839290,READ,2531
2022-08-30T19:36:55.581872084,OPENAT,3272
2022-08-30T19:36:55.581884710,OPENAT,5816
2022-08-30T19:36:55.581890500,READ,2445
2022-08-30T19:36:55.581922099,OPENAT,3129
2022-08-30T19:36:55.581950953,OPENAT,5832
2022-08-30T19:36:55.581957192,READ,2478
2022-08-30T19:36:55.582443790,OPENAT,4952
2022-08-30T19:36:55.582458236,OPENAT,2959
2022-08-30T19:36:55.582487351,OPENAT,23590
2022-08-30T19:36:55.582514466,OPENAT,5512
2022-08-30T19:36:55.582641643,OPENAT,3233
2022-08-30T19:36:55.582650455,OPENAT,2173
2022-08-30T19:36:55.582749293,OPENAT,22537
2022-08-30T19:36:55.582761584,READ,3247
2022-08-30T19:36:55.586627706,OPENAT,6353
2022-08-30T19:36:55.586957777,OPENAT,17976
2022-08-30T19:36:55.587497706,OPENAT,26933
2022-08-30T19:36:55.587530484,READ,4818
2022-08-30T19:36:55.587536938,READ,1828
2022-08-30T19:36:55.587747621,OPENAT,8827
2022-08-30T19:36:55.587783650,READ,14097
2022-08-30T19:36:55.587789990,READ,1831
2022-08-30T19:36:55.588418639,OPENAT,7956
2022-08-30T19:36:55.588717313,OPENAT,8716
2022-08-30T19:36:55.588744207,READ,4413
2022-08-30T19:36:55.588750568,READ,1786
2022-08-30T19:36:55.589138478,OPENAT,9532
2022-08-30T19:36:55.589166801,READ,4171
2022-08-30T19:36:55.589173196,READ,1862
2022-08-30T19:36:55.589744549,OPENAT,9712
2022-08-30T19:36:55.589772308,READ,4202
2022-08-30T19:36:55.589778598,READ,1778
2022-08-30T19:36:55.590086875,OPENAT,8537
2022-08-30T19:36:55.590113363,READ,3894
2022-08-30T19:36:55.590119558,READ,1691
2022-08-30T19:36:55.590315981,OPENAT,8475
2022-08-30T19:36:55.590344660,READ,4310
2022-08-30T19:36:55.590351163,READ,1844
2022-08-30T19:36:55.591081778,OPENAT,9755
2022-08-30T19:36:55.591122476,READ,11687
2022-08-30T19:36:55.591129435,READ,1969
2022-08-30T19:36:55.591399765,OPENAT,8448
2022-08-30T19:36:55.591434650,READ,13508
2022-08-30T19:36:55.591458249,READ,18699
2022-08-30T19:36:55.591868246,OPENAT,8324
2022-08-30T19:36:55.591891431,READ,3986
2022-08-30T19:36:55.591896645,READ,1700
2022-08-30T19:36:55.592331562,OPENAT,9117
2022-08-30T19:36:55.592356479,READ,6608
2022-08-30T19:36:55.592364375,READ,2078
2022-08-30T19:36:55.593831486,OPENAT,10100
2022-08-30T19:36:55.593858700,READ,5384
2022-08-30T19:36:55.593865543,READ,2067
2022-08-30T19:36:55.594105838,OPENAT,9127
2022-08-30T19:36:55.594129829,READ,4243
2022-08-30T19:36:55.594148721,READ,1997
2022-08-30T19:36:55.594789579,OPENAT,9805
2022-08-30T19:36:55.594812875,READ,4426
2022-08-30T19:36:55.594820351,READ,2058
2022-08-30T19:36:55.595158406,OPENAT,8540
2022-08-30T19:36:55.595396222,OPENAT,9374
2022-08-30T19:36:55.595538730,OPENAT,8455
2022-08-30T19:36:55.595577556,READ,4413
2022-08-30T19:36:55.595584221,READ,1917
2022-08-30T19:36:55.595784570,READ,4434
2022-08-30T19:36:55.596078570,READ,4503
2022-08-30T19:36:55.596271984,OPENAT,7846
2022-08-30T19:36:55.596482740,OPENAT,6786
2022-08-30T19:36:55.596862266,OPENAT,7143
2022-08-30T19:36:55.596889453,READ,3936
2022-08-30T19:36:55.596919116,READ,2682
2022-08-30T19:36:55.596925178,READ,1630
2022-08-30T19:36:55.597015910,OPENAT,5670
2022-08-30T19:36:55.597038096,READ,3407
2022-08-30T19:36:55.597075744,READ,2481
2022-08-30T19:36:55.597620994,READ,2984
2022-08-30T19:36:55.597632944,READ,1755
2022-08-30T19:36:55.598228850,OPENAT,7038
2022-08-30T19:36:55.598529201,OPENAT,9983
2022-08-30T19:36:55.598567400,READ,13017
2022-08-30T19:36:55.598574553,READ,2034
2022-08-30T19:36:55.598865576,OPENAT,8891
2022-08-30T19:36:55.598894442,READ,6138
2022-08-30T19:36:55.598901046,READ,1976
2022-08-30T19:36:55.599303485,OPENAT,10328
2022-08-30T19:36:55.599342160,READ,14211
2022-08-30T19:36:55.599349155,READ,2078
2022-08-30T19:36:55.599944419,OPENAT,25505
2022-08-30T19:36:55.599969798,READ,5107
2022-08-30T19:36:55.599992143,READ,1864
2022-08-30T19:36:55.600483626,OPENAT,9219
2022-08-30T19:36:55.600506615,READ,3919
2022-08-30T19:36:55.600512192,READ,1821
2022-08-30T19:36:55.600720236,OPENAT,8699
2022-08-30T19:36:55.600745372,READ,5048
2022-08-30T19:36:55.600751156,READ,1923
2022-08-30T19:36:55.600962853,OPENAT,9989
2022-08-30T19:36:55.600971274,READ,3903
2022-08-30T19:36:55.601447301,OPENAT,9866
2022-08-30T19:36:55.601473517,READ,4633
2022-08-30T19:36:55.601480517,READ,1932
2022-08-30T19:36:55.602284857,OPENAT,9769
2022-08-30T19:36:55.602323312,READ,11595
2022-08-30T19:36:55.602330201,READ,1893
2022-08-30T19:36:55.602593814,OPENAT,8626
2022-08-30T19:36:55.602632026,READ,15124
2022-08-30T19:36:55.602638749,READ,1911
2022-08-30T19:36:55.603759547,OPENAT,9786
2022-08-30T19:36:55.603785594,READ,5095
2022-08-30T19:36:55.603792494,READ,1961
2022-08-30T19:36:55.604782181,OPENAT,9775
2022-08-30T19:36:55.604809047,READ,5664
2022-08-30T19:36:55.604829687,READ,2013
2022-08-30T19:36:55.605217126,OPENAT,10713
2022-08-30T19:36:55.605261016,READ,15870
2022-08-30T19:36:55.605268151,READ,2022
2022-08-30T19:36:55.605617874,OPENAT,24875
2022-08-30T19:36:55.605642024,READ,4354
2022-08-30T19:36:55.605648502,READ,1929
2022-08-30T19:36:55.606423056,OPENAT,9856
2022-08-30T19:36:55.606465278,READ,16640
2022-08-30T19:36:55.606472105,READ,2044
2022-08-30T19:36:55.607698400,OPENAT,10094
2022-08-30T19:36:55.607742754,READ,4753
2022-08-30T19:36:55.607748677,READ,1894
2022-08-30T19:36:55.611395094,OPENAT,10140
2022-08-30T19:36:55.611428551,READ,7685
2022-08-30T19:36:55.611435654,READ,1921
2022-08-30T19:36:55.613537602,OPENAT,9869
2022-08-30T19:36:55.613584077,READ,12070
2022-08-30T19:36:55.613591159,READ,1959
2022-08-30T19:36:55.613889963,OPENAT,9815
2022-08-30T19:36:55.613898475,READ,3964
2022-08-30T19:36:55.613955418,OPENAT,4876
2022-08-30T19:36:55.613965552,OPENAT,3735
2022-08-30T19:36:55.613974884,OPENAT,3313
2022-08-30T19:36:55.613984017,OPENAT,3149
2022-08-30T19:36:55.613993318,OPENAT,3353
2022-08-30T19:36:55.614002501,OPENAT,3183
2022-08-30T19:36:55.614011722,OPENAT,3209
2022-08-30T19:36:55.614025597,OPENAT,7987
2022-08-30T19:36:55.614032706,READ,3080
2022-08-30T19:36:55.614480138,OPENAT,9799
2022-08-30T19:36:55.614520947,READ,4021
2022-08-30T19:36:55.614527444,READ,1847
2022-08-30T19:36:55.614697756,OPENAT,8953
2022-08-30T19:36:55.614706907,READ,3797
2022-08-30T19:36:55.615682194,OPENAT,7783
2022-08-30T19:36:55.615824320,OPENAT,13090
2022-08-30T19:36:55.615854517,READ,4115
2022-08-30T19:36:55.615860094,READ,1778
2022-08-30T19:36:55.616196075,OPENAT,8105
2022-08-30T19:36:55.616371869,OPENAT,9240
2022-08-30T19:36:55.616407766,READ,9562
2022-08-30T19:36:55.616430613,READ,1935
2022-08-30T19:36:55.616709206,OPENAT,9094
2022-08-30T19:36:55.616730124,READ,3584
2022-08-30T19:36:55.616735731,READ,1784
2022-08-30T19:36:55.616861801,OPENAT,6907
2022-08-30T19:36:55.616974952,OPENAT,9244
2022-08-30T19:36:55.617001633,READ,3528
2022-08-30T19:36:55.617008033,READ,1889
2022-08-30T19:36:55.617174934,OPENAT,8855
2022-08-30T19:36:55.617184327,READ,3697
2022-08-30T19:36:55.617505632,OPENAT,9220
2022-08-30T19:36:55.617535192,READ,5070
2022-08-30T19:36:55.617541066,READ,1989
2022-08-30T19:36:55.617784582,OPENAT,8998
2022-08-30T19:36:55.617825286,READ,18518
2022-08-30T19:36:55.617832343,READ,2110
2022-08-30T19:36:55.618430335,OPENAT,10513
2022-08-30T19:36:55.618456785,READ,5202
2022-08-30T19:36:55.618464809,READ,2157
2022-08-30T19:36:55.619071409,OPENAT,10680
2022-08-30T19:36:55.619082037,READ,4452
2022-08-30T19:36:55.619513370,OPENAT,9719
2022-08-30T19:36:55.619574153,READ,33835
2022-08-30T19:36:55.619580277,READ,2001
2022-08-30T19:36:55.620296011,OPENAT,9973
2022-08-30T19:36:55.620327168,READ,9112
2022-08-30T19:36:55.620345445,READ,2049
2022-08-30T19:36:55.622886044,OPENAT,11296
2022-08-30T19:36:55.622960328,READ,46567
2022-08-30T19:36:55.622968395,READ,2245
2022-08-30T19:36:55.623375403,OPENAT,17357
2022-08-30T19:36:55.623409709,READ,11651
2022-08-30T19:36:55.623417302,READ,2126
2022-08-30T19:36:55.623705148,OPENAT,9806
2022-08-30T19:36:55.623747370,READ,4999
2022-08-30T19:36:55.623753907,READ,1989
2022-08-30T19:36:55.623983636,OPENAT,9413
2022-08-30T19:36:55.624020702,READ,13322
2022-08-30T19:36:55.624028301,READ,2296
2022-08-30T19:36:55.624486292,OPENAT,10827
2022-08-30T19:36:55.624516623,READ,4799
2022-08-30T19:36:55.624523877,READ,1943
2022-08-30T19:36:55.626239469,OPENAT,11622
2022-08-30T19:36:55.626291864,READ,5707
2022-08-30T19:36:55.626298839,READ,2302
2022-08-30T19:36:55.626506655,OPENAT,9740
2022-08-30T19:36:55.626584804,READ,51515
2022-08-30T19:36:55.626591613,READ,2191
2022-08-30T19:36:55.627352535,OPENAT,10165
2022-08-30T19:36:55.627382887,READ,10240
2022-08-30T19:36:55.627389487,READ,1874
2022-08-30T19:36:55.627842707,OPENAT,20581
2022-08-30T19:36:55.627877957,READ,5969
2022-08-30T19:36:55.627884043,READ,2039
2022-08-30T19:36:55.628163228,OPENAT,9849
2022-08-30T19:36:55.628172808,READ,3891
2022-08-30T19:36:55.628836200,OPENAT,10767
2022-08-30T19:36:55.628860404,READ,4349
2022-08-30T19:36:55.628866042,READ,1884
2022-08-30T19:36:55.629053181,OPENAT,8035
2022-08-30T19:36:55.629201042,OPENAT,10815
2022-08-30T19:36:55.629225575,READ,4751
2022-08-30T19:36:55.629233045,READ,2186
2022-08-30T19:36:55.630959950,OPENAT,22762
2022-08-30T19:36:55.630989514,READ,7077
2022-08-30T19:36:55.630995622,READ,2070
2022-08-30T19:36:55.631365011,OPENAT,10585
2022-08-30T19:36:55.631432683,READ,41064
2022-08-30T19:36:55.631440137,READ,1984
2022-08-30T19:36:55.631925476,OPENAT,25832
2022-08-30T19:36:55.631950120,READ,4470
2022-08-30T19:36:55.631956658,READ,1955
2022-08-30T19:36:55.632264555,OPENAT,10213
2022-08-30T19:36:55.632275310,READ,4788
2022-08-30T19:36:55.632359958,OPENAT,11956
2022-08-30T19:36:55.632368228,READ,3672
2022-08-30T19:36:55.632730530,OPENAT,22640
2022-08-30T19:36:55.632757552,READ,7048
2022-08-30T19:36:55.632764915,READ,2133
2022-08-30T19:36:55.633029722,OPENAT,21041
2022-08-30T19:36:55.633055022,READ,6053
2022-08-30T19:36:55.633060842,READ,2114
2022-08-30T19:36:55.633359472,OPENAT,9762
2022-08-30T19:36:55.633369645,READ,4364
2022-08-30T19:36:55.633884613,OPENAT,11443
2022-08-30T19:36:55.633912396,READ,7835
2022-08-30T19:36:55.633919874,READ,1992
2022-08-30T19:36:55.634181985,OPENAT,10135
2022-08-30T19:36:55.634190442,READ,4034
2022-08-30T19:36:55.634253582,OPENAT,11398
2022-08-30T19:36:55.634261724,READ,3764
2022-08-30T19:36:55.634750608,OPENAT,10934
2022-08-30T19:36:55.634759148,READ,4158
2022-08-30T19:36:55.635441975,OPENAT,10097
2022-08-30T19:36:55.635482447,READ,13544
2022-08-30T19:36:55.635489807,READ,1971
2022-08-30T19:36:55.635819072,OPENAT,10108
2022-08-30T19:36:55.635843960,READ,5112
2022-08-30T19:36:55.635850781,READ,1840
2022-08-30T19:36:55.636039772,OPENAT,9938
2022-08-30T19:36:55.636050112,READ,4474
2022-08-30T19:36:55.636291112,OPENAT,10843
2022-08-30T19:36:55.636301426,READ,4763
2022-08-30T19:36:55.636601088,OPENAT,9805
2022-08-30T19:36:55.636609117,READ,4003
2022-08-30T19:36:55.636793299,OPENAT,9308
2022-08-30T19:36:55.636869230,READ,67421
2022-08-30T19:36:55.637042733,OPENAT,9126
2022-08-30T19:36:55.637078933,READ,13299
2022-08-30T19:36:55.637086193,READ,2108
2022-08-30T19:36:55.637880173,OPENAT,10169
2022-08-30T19:36:55.637902406,READ,4024
2022-08-30T19:36:55.637907864,READ,1851
2022-08-30T19:36:55.638129221,OPENAT,10851
2022-08-30T19:36:55.638187689,READ,31232
2022-08-30T19:36:55.638195136,READ,2232
2022-08-30T19:36:55.638665264,OPENAT,10574
2022-08-30T19:36:55.638691082,READ,4736
2022-08-30T19:36:55.638697827,READ,1910
2022-08-30T19:36:55.640173631,OPENAT,12158
2022-08-30T19:36:55.640185600,READ,5441
2022-08-30T19:36:55.640439777,OPENAT,9862
2022-08-30T19:36:55.640449972,READ,4713
2022-08-30T19:36:55.640737824,OPENAT,9257
2022-08-30T19:36:55.640763341,READ,6109
2022-08-30T19:36:55.640786775,READ,18629
2022-08-30T19:36:55.642304837,OPENAT,9260
2022-08-30T19:36:55.643450289,READ,192825
2022-08-30T19:36:55.644140024,READ,618846
2022-08-30T19:36:55.644153224,READ,2795
2022-08-30T19:36:55.644457906,OPENAT,18902
2022-08-30T19:36:55.644468109,READ,4325
2022-08-30T19:36:55.644544864,OPENAT,5480
2022-08-30T19:36:55.644556549,OPENAT,3515
2022-08-30T19:36:55.644565413,OPENAT,3405
2022-08-30T19:36:55.644574531,OPENAT,3562
2022-08-30T19:36:55.644583917,OPENAT,3464
2022-08-30T19:36:55.644593903,OPENAT,3432
2022-08-30T19:36:55.644603058,OPENAT,4014
2022-08-30T19:36:55.644612381,OPENAT,3817
2022-08-30T19:36:55.644623502,OPENAT,4309
2022-08-30T19:36:55.644633379,OPENAT,3835
2022-08-30T19:36:55.644644805,OPENAT,4394
2022-08-30T19:36:55.644657744,OPENAT,4708
2022-08-30T19:36:55.644668163,OPENAT,3839
2022-08-30T19:36:55.644678344,OPENAT,3851
2022-08-30T19:36:55.644688180,OPENAT,3678
2022-08-30T19:36:55.644701574,OPENAT,7160
2022-08-30T19:36:55.644707826,READ,3239
2022-08-30T19:36:55.644765945,OPENAT,4646
2022-08-30T19:36:55.644777947,OPENAT,7098
2022-08-30T19:36:55.644784936,READ,3113
2022-08-30T19:36:55.644837331,OPENAT,4524
2022-08-30T19:36:55.644848833,OPENAT,7081
2022-08-30T19:36:55.644854778,READ,2711
2022-08-30T19:36:55.644862296,READ,1935
2022-08-30T19:36:55.644940567,OPENAT,4778
2022-08-30T19:36:55.644954178,OPENAT,9181
2022-08-30T19:36:55.644961544,READ,3152
2022-08-30T19:36:55.644969119,READ,2251
2022-08-30T19:36:55.644978827,READ,2064
2022-08-30T19:36:55.645033439,OPENAT,4734
2022-08-30T19:36:55.645045793,OPENAT,8546
2022-08-30T19:36:55.645052895,READ,2938
2022-08-30T19:36:55.645060459,READ,2194
2022-08-30T19:36:55.645071472,READ,2090
2022-08-30T19:36:55.645121656,OPENAT,4926
2022-08-30T19:36:55.645134522,OPENAT,8295
2022-08-30T19:36:55.645141815,READ,2986
2022-08-30T19:36:55.645149470,READ,2280
2022-08-30T19:36:55.645160840,READ,2154
2022-08-30T19:36:55.645207309,OPENAT,4949
2022-08-30T19:36:55.645220104,OPENAT,8087
2022-08-30T19:36:55.645227275,READ,3000
2022-08-30T19:36:55.645234725,READ,2281
2022-08-30T19:36:55.645247640,READ,2139
2022-08-30T19:36:55.645304924,OPENAT,4579
2022-08-30T19:36:55.645316918,OPENAT,7651
2022-08-30T19:36:55.645323836,READ,2783
2022-08-30T19:36:55.645331069,READ,2139
2022-08-30T19:36:55.645340754,READ,2055
2022-08-30T19:36:55.645381905,OPENAT,4967
2022-08-30T19:36:55.645394379,OPENAT,8094
2022-08-30T19:36:55.645401424,READ,2790
2022-08-30T19:36:55.645487889,OPENAT,9874
2022-08-30T19:36:55.645495461,READ,2967
2022-08-30T19:36:55.645557563,OPENAT,7992
2022-08-30T19:36:55.645564762,READ,2726
2022-08-30T19:36:55.645622371,OPENAT,9563
2022-08-30T19:36:55.645629983,READ,3093
2022-08-30T19:36:55.645637749,READ,2384
2022-08-30T19:36:55.645650495,READ,2241
2022-08-30T19:36:55.668474384,OPENAT,26435
2022-08-30T19:36:55.668683805,OPENAT,4548
2022-08-30T19:36:55.668692407,OPENAT,2083
2022-08-30T19:36:55.671788425,OPENAT,12081
2022-08-30T19:36:55.671802459,READ,7166
2022-08-30T19:36:55.671992911,OPENAT,5683
2022-08-30T19:36:55.672006557,OPENAT,5645
2022-08-30T19:36:55.672017526,OPENAT,4478
2022-08-30T19:36:55.672028615,OPENAT,4730
2022-08-30T19:36:55.672040155,OPENAT,5027
2022-08-30T19:36:55.672053361,OPENAT,5640
2022-08-30T19:36:55.672065986,OPENAT,5240
2022-08-30T19:36:55.672075159,OPENAT,4357
2022-08-30T19:36:55.672093066,OPENAT,8580
2022-08-30T19:36:55.672099653,READ,3491
2022-08-30T19:36:55.672182623,OPENAT,9234
2022-08-30T19:36:55.672191070,READ,3598
2022-08-30T19:36:55.672266488,OPENAT,9255
2022-08-30T19:36:55.672272817,READ,2841
2022-08-30T19:36:55.672338819,OPENAT,9299
2022-08-30T19:36:55.672347007,READ,3752
2022-08-30T19:36:55.672439075,OPENAT,9491
2022-08-30T19:36:55.672445609,READ,3043
2022-08-30T19:36:55.672548957,OPENAT,8820
2022-08-30T19:36:55.672555520,READ,2903
2022-08-30T19:36:55.672628326,OPENAT,8072
2022-08-30T19:36:55.672634538,READ,2784
2022-08-30T19:36:55.672641291,READ,2047
2022-08-30T19:36:55.672790116,OPENAT,6463
2022-08-30T19:36:55.672824221,OPENAT,15381
2022-08-30T19:36:55.672831180,READ,3537
2022-08-30T19:36:55.672840831,READ,2618
2022-08-30T19:36:55.672853015,READ,2209
2022-08-30T19:36:55.672932076,OPENAT,4949
2022-08-30T19:36:55.672949078,OPENAT,11828
2022-08-30T19:36:55.672956305,READ,4134
2022-08-30T19:36:55.672964972,READ,3226
2022-08-30T19:36:55.672975518,READ,2261
2022-08-30T19:36:56.102479480,OPENAT,8156
2022-08-30T19:36:56.102493225,OPENAT,2469
2022-08-30T19:36:56.169737729,OPENAT,17770
2022-08-30T19:36:56.169766149,READ,7968
2022-08-30T19:36:56.169786170,READ,1646
2022-08-30T19:36:56.169805056,OPENAT,6336
2022-08-30T19:36:56.169817993,READ,4029
2022-08-30T19:36:56.169822832,READ,1569
2022-08-30T19:36:56.169849783,OPENAT,5635
2022-08-30T19:36:56.169873063,READ,3274
2022-08-30T19:36:56.169878535,READ,1530
2022-08-30T19:36:56.169891802,OPENAT,5270
2022-08-30T19:36:56.169910454,READ,3278
2022-08-30T19:36:56.169915938,READ,1537
2022-08-30T19:36:56.169929532,OPENAT,5119
2022-08-30T19:36:56.169937021,READ,3181
2022-08-30T19:36:56.169952195,READ,1527
2022-08-30T19:36:56.170680162,OPENAT,719057
2022-08-30T19:36:56.170724141,READ,39276
2022-08-30T19:36:56.170747609,READ,15630
2022-08-30T19:36:56.170767031,READ,14846
2022-08-30T19:36:56.170786500,READ,15024
2022-08-30T19:36:56.170805361,READ,14483
2022-08-30T19:36:56.170825526,READ,14418
2022-08-30T19:36:56.170848421,READ,14860
2022-08-30T19:36:56.170867394,READ,14694
2022-08-30T19:36:56.170886418,READ,14654
2022-08-30T19:36:56.170905366,READ,14567
2022-08-30T19:36:56.170924339,READ,14534
2022-08-30T19:36:56.170949320,READ,14757
2022-08-30T19:36:56.170968073,READ,14586
2022-08-30T19:36:56.171008181,READ,36052
2022-08-30T19:36:56.171043341,READ,31258
2022-08-30T19:36:56.171062528,READ,14435
2022-08-30T19:36:56.171081780,READ,14688
2022-08-30T19:36:56.171100627,READ,14351
2022-08-30T19:36:56.171119797,READ,14474
2022-08-30T19:36:56.171138573,READ,14350
2022-08-30T19:36:56.171158264,READ,14649
2022-08-30T19:36:56.171177240,READ,14356
2022-08-30T19:36:56.171196414,READ,14422
2022-08-30T19:36:56.171215622,READ,14432
2022-08-30T19:36:56.171233998,READ,14187
2022-08-30T19:36:56.171265079,READ,14341
2022-08-30T19:36:56.171283690,READ,14317
2022-08-30T19:36:56.171302051,READ,14334
2022-08-30T19:36:56.171333045,READ,26657
2022-08-30T19:36:56.171362615,READ,14166
2022-08-30T19:36:56.171381341,READ,14115
2022-08-30T19:36:56.171399793,READ,14235
2022-08-30T19:36:56.171418806,READ,14281
2022-08-30T19:36:56.171437931,READ,14240
2022-08-30T19:36:56.171458144,READ,14104
2022-08-30T19:36:56.171477092,READ,14085
2022-08-30T19:36:56.171496025,READ,14195
2022-08-30T19:36:56.171515011,READ,14308
2022-08-30T19:36:56.171533844,READ,14285
2022-08-30T19:36:56.171552818,READ,14225
2022-08-30T19:36:56.171572071,READ,14352
2022-08-30T19:36:56.171590977,READ,14213
2022-08-30T19:36:56.171609505,READ,14399
2022-08-30T19:36:56.171628162,READ,14276
2022-08-30T19:36:56.171646970,READ,14294
2022-08-30T19:36:56.171665873,READ,14229
2022-08-30T19:36:56.171684823,READ,14306
2022-08-30T19:36:56.171703703,READ,14309
2022-08-30T19:36:56.171722877,READ,14302
2022-08-30T19:36:56.171742250,READ,14374
2022-08-30T19:36:56.171761288,READ,14366
2022-08-30T19:36:56.171780406,READ,14349
2022-08-30T19:36:56.171799869,READ,14322
2022-08-30T19:36:56.171818929,READ,14355
2022-08-30T19:36:56.171837799,READ,14374
2022-08-30T19:36:56.171856608,READ,14272
2022-08-30T19:36:56.171875457,READ,14294
2022-08-30T19:36:56.171894602,READ,14592
2022-08-30T19:36:56.171912886,READ,14193
2022-08-30T19:36:56.171931354,READ,14214
2022-08-30T19:36:56.171950059,READ,14161
2022-08-30T19:36:56.171968603,READ,14179
2022-08-30T19:36:56.171988680,READ,14291
2022-08-30T19:36:56.172007452,READ,14233
2022-08-30T19:36:56.172026833,READ,14415
2022-08-30T19:36:56.172045961,READ,14217
2022-08-30T19:36:56.172064996,READ,14249
2022-08-30T19:36:56.172084457,READ,14272
2022-08-30T19:36:56.172103531,READ,14215
2022-08-30T19:36:56.172122479,READ,14181
2022-08-30T19:36:56.172142171,READ,14274
2022-08-30T19:36:56.172161091,READ,14182
2022-08-30T19:36:56.172195522,READ,29884
2022-08-30T19:36:56.172214498,READ,13796
2022-08-30T19:36:56.172232321,READ,13723
2022-08-30T19:36:56.172250369,READ,13764
2022-08-30T19:36:56.172268665,READ,13839
2022-08-30T19:36:56.172304692,READ,31569
2022-08-30T19:36:56.172323928,READ,14612
2022-08-30T19:36:56.172330177,READ,1830
2022-08-30T19:36:56.172335510,READ,1607
2022-08-30T19:36:56.248568894,OPENAT,2269213
2022-08-30T19:36:56.248618536,READ,32969
2022-08-30T19:36:56.248647868,READ,17224
2022-08-30T19:36:56.248667997,READ,15613
2022-08-30T19:36:56.248688081,READ,15480
2022-08-30T19:36:56.248693532,READ,1696
2022-08-30T19:36:56.248712206,READ,14814
2022-08-30T19:36:56.248731048,READ,14711
2022-08-30T19:36:56.248749813,READ,14630
2022-08-30T19:36:56.248755263,READ,1706
2022-08-30T19:36:56.248773495,READ,14726
2022-08-30T19:36:56.248808404,READ,30750
2022-08-30T19:36:56.248844414,READ,31340
2022-08-30T19:36:56.248873278,READ,1692
2022-08-30T19:36:56.248891284,READ,14038
2022-08-30T19:36:56.248909550,READ,14123
2022-08-30T19:36:56.248927765,READ,13997
2022-08-30T19:36:56.248933066,READ,1632
2022-08-30T19:36:56.248950214,READ,13974
2022-08-30T19:36:56.248968171,READ,13989
2022-08-30T19:36:56.248986224,READ,14018
2022-08-30T19:36:56.248991644,READ,1649
2022-08-30T19:36:56.249009260,READ,14069
2022-08-30T19:36:56.249027831,READ,14233
2022-08-30T19:36:56.249045682,READ,14054
2022-08-30T19:36:56.249051052,READ,1628
2022-08-30T19:36:56.249068031,READ,14004
2022-08-30T19:36:56.249085927,READ,13949
2022-08-30T19:36:56.249104298,READ,13985
2022-08-30T19:36:56.249109974,READ,1616
2022-08-30T19:36:56.249127552,READ,13984
2022-08-30T19:36:56.249145696,READ,13970
2022-08-30T19:36:56.249163845,READ,13993
2022-08-30T19:36:56.249169549,READ,1630
2022-08-30T19:36:56.249186841,READ,14068
2022-08-30T19:36:56.249204466,READ,14019
2022-08-30T19:36:56.249222562,READ,14082
2022-08-30T19:36:56.249240821,READ,14087
2022-08-30T19:36:56.249245965,READ,1645
2022-08-30T19:36:56.249263416,READ,13984
2022-08-30T19:36:56.249281439,READ,14028
2022-08-30T19:36:56.249299874,READ,14072
2022-08-30T19:36:56.249306158,READ,1637
2022-08-30T19:36:56.249323636,READ,14103
2022-08-30T19:36:56.249341662,READ,14021
2022-08-30T19:36:56.249359894,READ,14030
2022-08-30T19:36:56.249365009,READ,1618
2022-08-30T19:36:56.249382472,READ,14051
2022-08-30T19:36:56.249400623,READ,14100
2022-08-30T19:36:56.249418812,READ,13943
2022-08-30T19:36:56.249424102,READ,1640
2022-08-30T19:36:56.249441190,READ,13960
2022-08-30T19:36:56.249459058,READ,14006
2022-08-30T19:36:56.249476994,READ,13946
2022-08-30T19:36:56.249482060,READ,1623
2022-08-30T19:36:56.249499426,READ,13939
2022-08-30T19:36:56.249517414,READ,14042
2022-08-30T19:36:56.249535623,READ,13981
2022-08-30T19:36:56.249541431,READ,1673
2022-08-30T19:36:56.249558621,READ,13968
2022-08-30T19:36:56.249576499,READ,14076
2022-08-30T19:36:56.249610485,READ,30028
2022-08-30T19:36:56.249633579,READ,1632
2022-08-30T19:36:56.249650597,READ,13986
2022-08-30T19:36:56.249668531,READ,14061
2022-08-30T19:36:56.249686884,READ,14033
2022-08-30T19:36:56.249692379,READ,1629
2022-08-30T19:36:56.249709363,READ,14052
2022-08-30T19:36:56.249727235,READ,13973
2022-08-30T19:36:56.249745554,READ,14045
2022-08-30T19:36:56.249763820,READ,14025
2022-08-30T19:36:56.249769431,READ,1652
2022-08-30T19:36:56.249787496,READ,14067
2022-08-30T19:36:56.249806241,READ,14065
2022-08-30T19:36:56.249825049,READ,14018
2022-08-30T19:36:56.249830970,READ,1613
2022-08-30T19:36:56.249848449,READ,13981
2022-08-30T19:36:56.249867235,READ,14001
2022-08-30T19:36:56.249885105,READ,14037
2022-08-30T19:36:56.249890856,READ,1650
2022-08-30T19:36:56.249908323,READ,13964
2022-08-30T19:36:56.249926077,READ,13959
2022-08-30T19:36:56.249946270,READ,13892
2022-08-30T19:36:56.249952370,READ,1615
2022-08-30T19:36:56.249969812,READ,13959
2022-08-30T19:36:56.249988605,READ,14075
2022-08-30T19:36:56.250007466,READ,14110
2022-08-30T19:36:56.250012771,READ,1631
2022-08-30T19:36:56.250029709,READ,13872
2022-08-30T19:36:56.250047583,READ,14011
2022-08-30T19:36:56.250065499,READ,13954
2022-08-30T19:36:56.250070687,READ,1618
2022-08-30T19:36:56.250088069,READ,14058
2022-08-30T19:36:56.250105788,READ,14002
2022-08-30T19:36:56.250123935,READ,14001
2022-08-30T19:36:56.250138163,READ,1629
2022-08-30T19:36:56.250171229,READ,30044
2022-08-30T19:36:56.250188727,READ,13605
2022-08-30T19:36:56.250206233,READ,13492
2022-08-30T19:36:56.250211647,READ,1575
2022-08-30T19:36:56.250228200,READ,13463
2022-08-30T19:36:56.250258435,READ,13531
2022-08-30T19:36:56.250293774,READ,14032
2022-08-30T19:36:56.250299556,READ,1632
2022-08-30T19:36:56.250316599,READ,13991
2022-08-30T19:36:56.250334506,READ,14045
2022-08-30T19:36:56.250341099,READ,1957
2022-08-30T19:36:56.250345579,READ,1542
2022-08-30T19:36:56.260391728,OPENAT,16377
2022-08-30T19:36:56.260403392,READ,4104
2022-08-30T19:36:56.260838751,OPENAT,33842
2022-08-30T19:36:56.260919543,READ,10270
2022-08-30T19:36:56.260928175,READ,2159
2022-08-30T19:36:56.261186127,OPENAT,8879
2022-08-30T19:36:56.261382212,OPENAT,9315
2022-08-30T19:36:56.261415569,READ,4317
2022-08-30T19:36:56.261421047,READ,1833
2022-08-30T19:36:56.261747514,OPENAT,10213
2022-08-30T19:36:56.261779924,READ,5015
2022-08-30T19:36:56.261785817,READ,2000
2022-08-30T19:36:56.262028412,OPENAT,10320
2022-08-30T19:36:56.262054443,READ,4161
2022-08-30T19:36:56.262072890,READ,1950
2022-08-30T19:36:56.262304548,OPENAT,9963
2022-08-30T19:36:56.262345668,READ,4188
2022-08-30T19:36:56.262352461,READ,2098
2022-08-30T19:36:56.262603112,OPENAT,9981
2022-08-30T19:36:56.262635761,READ,3865
2022-08-30T19:36:56.262642649,READ,1918
2022-08-30T19:36:56.262822358,OPENAT,8194
2022-08-30T19:36:56.262932072,OPENAT,16752
2022-08-30T19:36:56.262942355,READ,4460
2022-08-30T19:36:56.263019382,OPENAT,7352
2022-08-30T19:36:56.263030929,OPENAT,4507
2022-08-30T19:36:56.263041271,OPENAT,4100
2022-08-30T19:36:56.263051976,OPENAT,4612
2022-08-30T19:36:56.263062313,OPENAT,4128
2022-08-30T19:36:56.263073362,OPENAT,4837
2022-08-30T19:36:56.263083398,OPENAT,3882
2022-08-30T19:36:56.263097556,OPENAT,7623
2022-08-30T19:36:56.263104208,READ,3317
2022-08-30T19:36:56.264308093,OPENAT,11746
2022-08-30T19:36:56.264317855,READ,4762
2022-08-30T19:36:56.264889689,OPENAT,28585
2022-08-30T19:36:56.264952809,READ,35115
2022-08-30T19:36:56.264959911,READ,2099
2022-08-30T19:36:56.265544065,OPENAT,10811
2022-08-30T19:36:56.265567722,READ,4935
2022-08-30T19:36:56.265573758,READ,2100
2022-08-30T19:36:56.266782524,OPENAT,12422
2022-08-30T19:36:56.266814030,READ,5071
2022-08-30T19:36:56.266820638,READ,1956
2022-08-30T19:36:56.267050280,OPENAT,8992
2022-08-30T19:36:56.267292056,OPENAT,10908
2022-08-30T19:36:56.267361368,READ,42921
2022-08-30T19:36:56.267369850,READ,2348
2022-08-30T19:36:56.267683224,OPENAT,10756
2022-08-30T19:36:56.267714950,READ,5374
2022-08-30T19:36:56.267721468,READ,2064
2022-08-30T19:36:56.267958238,OPENAT,11242
2022-08-30T19:36:56.267967118,READ,4514
2022-08-30T19:36:56.268789539,OPENAT,11461
2022-08-30T19:36:56.268890855,READ,53449
2022-08-30T19:36:56.268899069,READ,2350
2022-08-30T19:36:56.270054532,OPENAT,11332
2022-08-30T19:36:56.270064350,READ,4741
2022-08-30T19:36:56.271975489,OPENAT,12018
2022-08-30T19:36:56.272001626,READ,5057
2022-08-30T19:36:56.272007732,READ,2030
2022-08-30T19:36:56.272203568,OPENAT,25621
2022-08-30T19:36:56.272366634,OPENAT,11294
2022-08-30T19:36:56.272397819,READ,7572
2022-08-30T19:36:56.272405595,READ,2261
2022-08-30T19:36:56.272674996,OPENAT,10347
2022-08-30T19:36:56.272698522,READ,4676
2022-08-30T19:36:56.272704978,READ,2309
2022-08-30T19:36:56.272953203,OPENAT,9793
2022-08-30T19:36:56.272999549,READ,24524
2022-08-30T19:36:56.273007995,READ,2186
2022-08-30T19:36:56.273567480,OPENAT,10235
2022-08-30T19:36:56.273592763,READ,5711
2022-08-30T19:36:56.273598554,READ,2058
2022-08-30T19:36:56.274471765,OPENAT,10088
2022-08-30T19:36:56.274498824,READ,4525
2022-08-30T19:36:56.274505407,READ,2014
2022-08-30T19:36:56.274750085,OPENAT,8735
2022-08-30T19:36:56.274897655,OPENAT,10087
2022-08-30T19:36:56.274932471,READ,16306
2022-08-30T19:36:56.274940212,READ,2345
2022-08-30T19:36:56.277095677,OPENAT,11231
2022-08-30T19:36:56.277152626,READ,32239
2022-08-30T19:36:56.277161737,READ,2305
2022-08-30T19:36:56.277743358,OPENAT,10469
2022-08-30T19:36:56.277773550,READ,5307
2022-08-30T19:36:56.277792740,READ,2318
2022-08-30T19:36:56.278171837,OPENAT,11224
2022-08-30T19:36:56.278186524,READ,4748
2022-08-30T19:36:56.283214755,OPENAT,12813
2022-08-30T19:36:56.283241329,READ,5340
2022-08-30T19:36:56.283247755,READ,1877
2022-08-30T19:36:56.283552469,OPENAT,10975
2022-08-30T19:36:56.283581468,READ,7930
2022-08-30T19:36:56.283588707,READ,2154
2022-08-30T19:36:56.283874447,OPENAT,9881
2022-08-30T19:36:56.283900807,READ,6863
2022-08-30T19:36:56.283907507,READ,1952
2022-08-30T19:36:56.284428875,OPENAT,11672
2022-08-30T19:36:56.284455859,READ,5125
2022-08-30T19:36:56.284462803,READ,2156
2022-08-30T19:36:56.284725050,OPENAT,10391
2022-08-30T19:36:56.284749847,READ,5478
2022-08-30T19:36:56.284756551,READ,1972
2022-08-30T19:36:56.285031021,OPENAT,37559
2022-08-30T19:36:56.285058865,READ,5762
2022-08-30T19:36:56.285064893,READ,1975
2022-08-30T19:36:56.286081478,OPENAT,11932
2022-08-30T19:36:56.286184607,READ,72205
2022-08-30T19:36:56.286192298,READ,2106
2022-08-30T19:36:56.286681616,OPENAT,11034
2022-08-30T19:36:56.286716701,READ,10806
2022-08-30T19:36:56.286738047,READ,2126
2022-08-30T19:36:56.287070684,OPENAT,10988
2022-08-30T19:36:56.287099005,READ,7056
2022-08-30T19:36:56.287105128,READ,2126
2022-08-30T19:36:56.287336291,OPENAT,10364
2022-08-30T19:36:56.287456516,READ,93565
2022-08-30T19:36:56.287463747,READ,2347
2022-08-30T19:36:56.287954543,OPENAT,15183
2022-08-30T19:36:56.288061671,READ,5577
2022-08-30T19:36:56.288067826,READ,1998
2022-08-30T19:36:56.288351353,OPENAT,10886
2022-08-30T19:36:56.288375568,READ,4962
2022-08-30T19:36:56.288381449,READ,2126
2022-08-30T19:36:56.293663663,OPENAT,11772
2022-08-30T19:36:56.293698402,READ,14101
2022-08-30T19:36:56.293704406,READ,2080
2022-08-30T19:36:56.295896507,OPENAT,11231
2022-08-30T19:36:56.295928817,READ,12130
2022-08-30T19:36:56.295937986,READ,2026
2022-08-30T19:36:56.297395222,OPENAT,11599
2022-08-30T19:36:56.297483033,READ,39466
2022-08-30T19:36:56.297491243,READ,2363
2022-08-30T19:36:56.302445408,OPENAT,11607
2022-08-30T19:36:56.302483650,READ,8426
2022-08-30T19:36:56.302491178,READ,2142
2022-08-30T19:36:56.303047462,OPENAT,11827
2022-08-30T19:36:56.303075075,READ,5573
2022-08-30T19:36:56.303081762,READ,1957
2022-08-30T19:36:56.303434533,OPENAT,10624
2022-08-30T19:36:56.303468899,READ,9918
2022-08-30T19:36:56.303475929,READ,2121
2022-08-30T19:36:56.304174153,OPENAT,11725
2022-08-30T19:36:56.304201540,READ,5567
2022-08-30T19:36:56.304208669,READ,2044
2022-08-30T19:36:56.304492594,OPENAT,10393
2022-08-30T19:36:56.304527894,READ,11281
2022-08-30T19:36:56.304533504,READ,2014
2022-08-30T19:36:56.304974709,OPENAT,26370
2022-08-30T19:36:56.305038662,READ,38783
2022-08-30T19:36:56.305047894,READ,2128
2022-08-30T19:36:56.305777650,OPENAT,11534
2022-08-30T19:36:56.305932676,READ,122139
2022-08-30T19:36:56.305940060,READ,2457
2022-08-30T19:36:56.307273719,OPENAT,11832
2022-08-30T19:36:56.307285387,READ,4858
2022-08-30T19:36:56.308741930,OPENAT,11011
2022-08-30T19:36:56.308767747,READ,4881
2022-08-30T19:36:56.308773886,READ,1984
2022-08-30T19:36:56.309011441,OPENAT,10108
2022-08-30T19:36:56.309039556,READ,7111
2022-08-30T19:36:56.309046509,READ,2089
2022-08-30T19:36:56.309427589,OPENAT,9619
2022-08-30T19:36:56.309454389,READ,6239
2022-08-30T19:36:56.309461267,READ,1931
2022-08-30T19:36:56.312308816,OPENAT,12220
2022-08-30T19:36:56.312338647,READ,5558
2022-08-30T19:36:56.312346441,READ,2046
2022-08-30T19:36:56.312850731,OPENAT,11518
2022-08-30T19:36:56.312876769,READ,4370
2022-08-30T19:36:56.312883323,READ,1879
2022-08-30T19:36:56.313056822,OPENAT,8776
2022-08-30T19:36:56.313208556,OPENAT,9793
2022-08-30T19:36:56.313233527,READ,4858
2022-08-30T19:36:56.313240074,READ,1973
2022-08-30T19:36:56.313591586,OPENAT,9941
2022-08-30T19:36:56.313635216,READ,6245
2022-08-30T19:36:56.313641975,READ,2053
2022-08-30T19:36:56.313849026,OPENAT,10043
2022-08-30T19:36:56.313882367,READ,11338
2022-08-30T19:36:56.313888568,READ,2080
2022-08-30T19:36:56.314153661,OPENAT,10215
2022-08-30T19:36:56.314194561,READ,4850
2022-08-30T19:36:56.314199938,READ,1900
2022-08-30T19:36:56.316715003,OPENAT,11247
2022-08-30T19:36:56.316768532,READ,9906
2022-08-30T19:36:56.316776079,READ,2101
2022-08-30T19:36:56.317139289,OPENAT,10578
2022-08-30T19:36:56.317164610,READ,4169
2022-08-30T19:36:56.317171043,READ,1807
2022-08-30T19:36:56.317285696,OPENAT,8057
2022-08-30T19:36:56.317408632,OPENAT,9105
2022-08-30T19:36:56.317463313,READ,15603
2022-08-30T19:36:56.317469999,READ,2002
2022-08-30T19:36:56.317805141,OPENAT,26216
2022-08-30T19:36:56.317830124,READ,4211
2022-08-30T19:36:56.317835702,READ,1872
2022-08-30T19:36:56.317952974,OPENAT,8013
2022-08-30T19:36:56.318075700,OPENAT,9206
2022-08-30T19:36:56.318135122,READ,31334
2022-08-30T19:36:56.318143246,READ,2110
2022-08-30T19:36:56.318617275,OPENAT,10655
2022-08-30T19:36:56.318646117,READ,7812
2022-08-30T19:36:56.318651815,READ,2041
2022-08-30T19:36:56.319906147,OPENAT,12826
2022-08-30T19:36:56.319918016,READ,5052
2022-08-30T19:36:56.320172465,OPENAT,11735
2022-08-30T19:36:56.320182948,READ,4514
2022-08-30T19:36:56.322773104,OPENAT,12465
2022-08-30T19:36:56.322881291,READ,77594
2022-08-30T19:36:56.322889908,READ,2356
2022-08-30T19:36:56.323548550,OPENAT,11164
2022-08-30T19:36:56.323579350,READ,8413
2022-08-30T19:36:56.323602412,READ,17962
2022-08-30T19:36:56.327169628,OPENAT,12047
2022-08-30T19:36:56.327214953,READ,22013
2022-08-30T19:36:56.327222306,READ,2049
2022-08-30T19:36:56.328231944,OPENAT,11242
2022-08-30T19:36:56.328265358,READ,11732
2022-08-30T19:36:56.328272610,READ,2105
2022-08-30T19:36:56.330056792,OPENAT,11846
2022-08-30T19:36:56.330088406,READ,9237
2022-08-30T19:36:56.330094894,READ,2104
2022-08-30T19:36:56.331803465,OPENAT,11510
2022-08-30T19:36:56.331859994,READ,34615
2022-08-30T19:36:56.331865959,READ,2012
2022-08-30T19:36:56.333415139,OPENAT,11462
2022-08-30T19:36:56.333445668,READ,8218
2022-08-30T19:36:56.333459137,READ,1923
2022-08-30T19:36:56.334546347,OPENAT,11523
2022-08-30T19:36:56.334576766,READ,7785
2022-08-30T19:36:56.334583962,READ,2086
2022-08-30T19:36:56.335855161,OPENAT,11186
2022-08-30T19:36:56.335890268,READ,13424
2022-08-30T19:36:56.335897574,READ,2111
2022-08-30T19:36:56.336416893,OPENAT,10403
2022-08-30T19:36:56.336452607,READ,7549
2022-08-30T19:36:56.336459445,READ,1908
2022-08-30T19:36:56.336760999,OPENAT,10130
2022-08-30T19:36:56.336805758,READ,6860
2022-08-30T19:36:56.336812764,READ,2076
2022-08-30T19:36:56.337197979,OPENAT,18240
2022-08-30T19:36:56.337224235,READ,7478
2022-08-30T19:36:56.337229847,READ,1928
2022-08-30T19:36:56.338383140,OPENAT,11750
2022-08-30T19:36:56.338414798,READ,8785
2022-08-30T19:36:56.338422116,READ,2001
2022-08-30T19:36:56.338701858,OPENAT,9632
2022-08-30T19:36:56.338726152,READ,4216
2022-08-30T19:36:56.338732496,READ,1862
2022-08-30T19:36:56.338917690,OPENAT,10669
2022-08-30T19:36:56.338934265,READ,11077
2022-08-30T19:36:56.341008804,OPENAT,11616
2022-08-30T19:36:56.341036711,READ,5574
2022-08-30T19:36:56.341043762,READ,1983
2022-08-30T19:36:56.341307207,OPENAT,11173
2022-08-30T19:36:56.341347446,READ,9366
2022-08-30T19:36:56.341353514,READ,2122
2022-08-30T19:36:56.341784930,OPENAT,10984
2022-08-30T19:36:56.341811007,READ,4974
2022-08-30T19:36:56.341817829,READ,1926
2022-08-30T19:36:56.342255743,OPENAT,10636
2022-08-30T19:36:56.342279997,READ,4972
2022-08-30T19:36:56.342285730,READ,1910
2022-08-30T19:36:56.342409789,OPENAT,8131
2022-08-30T19:36:56.342536439,OPENAT,9710
2022-08-30T19:36:56.342603695,READ,26316
2022-08-30T19:36:56.342610856,READ,2199
2022-08-30T19:36:56.342833676,OPENAT,11374
2022-08-30T19:36:56.342844509,READ,4739
2022-08-30T19:36:56.344521184,OPENAT,11044
2022-08-30T19:36:56.344549026,READ,5434
2022-08-30T19:36:56.344556148,READ,1889
2022-08-30T19:36:56.345052660,OPENAT,11744
2022-08-30T19:36:56.345095515,READ,20874
2022-08-30T19:36:56.345102165,READ,1863
2022-08-30T19:36:56.345222856,OPENAT,8334
2022-08-30T19:36:56.345358442,OPENAT,9073
2022-08-30T19:36:56.345410476,READ,23518
2022-08-30T19:36:56.345434568,READ,2202
2022-08-30T19:36:56.345734219,OPENAT,10136
2022-08-30T19:36:56.345762660,READ,7269
2022-08-30T19:36:56.345769692,READ,2115
2022-08-30T19:36:56.346284868,OPENAT,10714
2022-08-30T19:36:56.346331027,READ,23095
2022-08-30T19:36:56.346339123,READ,2188
2022-08-30T19:36:56.346877978,OPENAT,10736
2022-08-30T19:36:56.346935496,READ,29086
2022-08-30T19:36:56.346975346,READ,2429
2022-08-30T19:36:56.347433684,OPENAT,10807
2022-08-30T19:36:56.347464806,READ,11099
2022-08-30T19:36:56.347470961,READ,2049
2022-08-30T19:36:56.347984052,OPENAT,10982
2022-08-30T19:36:56.348042681,READ,32538
2022-08-30T19:36:56.348050529,READ,2174
2022-08-30T19:36:56.348440152,OPENAT,11150
2022-08-30T19:36:56.348478608,READ,13211
2022-08-30T19:36:56.348486134,READ,2081
2022-08-30T19:36:56.348889352,OPENAT,10617
2022-08-30T19:36:56.348952372,READ,35098
2022-08-30T19:36:56.348958881,READ,2126
2022-08-30T19:36:56.349409687,OPENAT,11233
2022-08-30T19:36:56.349437076,READ,5207
2022-08-30T19:36:56.349444119,READ,1997
2022-08-30T19:36:56.349611064,OPENAT,8864
2022-08-30T19:36:56.349769700,OPENAT,9329
2022-08-30T19:36:56.349794125,READ,4307
2022-08-30T19:36:56.349800942,READ,1948
2022-08-30T19:36:56.349938908,OPENAT,11296
2022-08-30T19:36:56.349949350,READ,4446
2022-08-30T19:36:56.350574312,OPENAT,12030
2022-08-30T19:36:56.350585493,READ,4790
2022-08-30T19:36:56.350952005,OPENAT,30263
2022-08-30T19:36:56.350976396,READ,4758
2022-08-30T19:36:56.352048405,OPENAT,11539
2022-08-30T19:36:56.352093491,READ,4990
2022-08-30T19:36:56.352100578,READ,1966
2022-08-30T19:36:56.352298085,OPENAT,9373
2022-08-30T19:36:56.352336115,READ,13844
2022-08-30T19:36:56.352342939,READ,1969
2022-08-30T19:36:56.352669591,OPENAT,10984
2022-08-30T19:36:56.352680297,READ,4252
2022-08-30T19:36:56.353020138,OPENAT,10225
2022-08-30T19:36:56.353044455,READ,4930
2022-08-30T19:36:56.353051767,READ,1958
2022-08-30T19:36:56.353273900,OPENAT,10803
2022-08-30T19:36:56.353284319,READ,4290
2022-08-30T19:36:56.353363676,OPENAT,9759
2022-08-30T19:36:56.353372455,READ,4060
2022-08-30T19:36:56.354155773,OPENAT,11274
2022-08-30T19:36:56.354191514,READ,5926
2022-08-30T19:36:56.354198922,READ,2006
2022-08-30T19:36:56.354492921,OPENAT,11688
2022-08-30T19:36:56.354502328,READ,4824
2022-08-30T19:36:56.354821209,OPENAT,11278
2022-08-30T19:36:56.354830301,READ,4492
2022-08-30T19:36:56.355507286,OPENAT,13304
2022-08-30T19:36:56.355519479,READ,5368
2022-08-30T19:36:56.355899017,OPENAT,12068
2022-08-30T19:36:56.355908599,READ,4807
2022-08-30T19:36:56.356204055,READ,5136
2022-08-30T19:36:56.356866986,OPENAT,12024
2022-08-30T19:36:56.356877722,READ,4567
