2022-08-30T19:36:55.541410546,OPENAT,9795
2022-08-30T19:36:55.541425555,OPENAT,2412
2022-08-30T19:36:55.541431626,OPENAT,2295
2022-08-30T19:36:55.541437565,OPENAT,2220
2022-08-30T19:36:55.541444118,OPENAT,2813
2022-08-30T19:36:55.541450092,OPENAT,2259
2022-08-30T19:36:55.541456172,OPENAT,2581
2022-08-30T19:36:55.541462318,OPENAT,2665
2022-08-30T19:36:55.541474129,OPENAT,4556
2022-08-30T19:36:55.541479864,OPENAT,2087
2022-08-30T19:36:55.541485491,OPENAT,2080
2022-08-30T19:36:55.541490874,OPENAT,1991
2022-08-30T19:36:55.541496530,OPENAT,2123
2022-08-30T19:36:55.541502144,OPENAT,2047
2022-08-30T19:36:55.541508379,OPENAT,2306
2022-08-30T19:36:55.541514262,OPENAT,2059
2022-08-30T19:36:55.541520196,OPENAT,2110
2022-08-30T19:36:55.541525831,OPENAT,2118
2022-08-30T19:36:55.541531333,OPENAT,1959
2022-08-30T19:36:55.541536924,OPENAT,1888
2022-08-30T19:36:55.541542845,OPENAT,2130
2022-08-30T19:36:55.541548613,OPENAT,1957
2022-08-30T19:36:55.541554486,OPENAT,2054
2022-08-30T19:36:55.541560219,OPENAT,1958
2022-08-30T19:36:55.541571406,OPENAT,6421
2022-08-30T19:36:55.541604853,OPENAT,7580
2022-08-30T19:36:55.541614984,READ,7044
2022-08-30T19:36:55.541692936,OPENAT,4168
2022-08-30T19:36:55.541707793,OPENAT,7188
2022-08-30T19:36:55.541714246,READ,2873
2022-08-30T19:36:55.541755838,OPENAT,3777
2022-08-30T19:36:55.541780068,OPENAT,7047
2022-08-30T19:36:55.541786434,READ,2915
2022-08-30T19:36:55.541818257,OPENAT,3420
2022-08-30T19:36:55.541832882,OPENAT,7751
2022-08-30T19:36:55.541839594,READ,2976
2022-08-30T19:36:55.541871500,OPENAT,3407
2022-08-30T19:36:55.541884863,OPENAT,7139
2022-08-30T19:36:55.541891512,READ,3081
2022-08-30T19:36:55.541923903,OPENAT,3387
2022-08-30T19:36:55.541937423,OPENAT,6899
2022-08-30T19:36:55.541944439,READ,3326
2022-08-30T19:36:55.542734053,OPENAT,7768
2022-08-30T19:36:55.542749121,OPENAT,4646
2022-08-30T19:36:55.542765033,OPENAT,7718
2022-08-30T19:36:55.542810564,OPENAT,7523
2022-08-30T19:36:55.542934729,OPENAT,12256
2022-08-30T19:36:55.542985115,OPENAT,44364
2022-08-30T19:36:55.543060339,OPENAT,9756
2022-08-30T19:36:55.543074553,READ,3147
2022-08-30T19:36:55.546395517,OPENAT,5998
2022-08-30T19:36:55.546662137,OPENAT,8174
2022-08-30T19:36:55.547121124,OPENAT,11804
2022-08-30T19:36:55.547155906,READ,5396
2022-08-30T19:36:55.547162553,READ,1611
2022-08-30T19:36:55.547409266,OPENAT,10272
2022-08-30T19:36:55.547451975,READ,22377
2022-08-30T19:36:55.547458086,READ,1691
2022-08-30T19:36:55.547985686,OPENAT,7534
2022-08-30T19:36:55.548219195,OPENAT,9245
2022-08-30T19:36:55.548244925,READ,5707
2022-08-30T19:36:55.548250317,READ,1508
2022-08-30T19:36:55.548581533,OPENAT,9703
2022-08-30T19:36:55.548603658,READ,4190
2022-08-30T19:36:55.548613979,READ,1522
2022-08-30T19:36:55.549110220,OPENAT,10848
2022-08-30T19:36:55.549135822,READ,4391
2022-08-30T19:36:55.549141532,READ,1587
2022-08-30T19:36:55.549475932,OPENAT,11375
2022-08-30T19:36:55.549510626,READ,4298
2022-08-30T19:36:55.549516392,READ,1528
2022-08-30T19:36:55.549679052,OPENAT,8745
2022-08-30T19:36:55.549704231,READ,5659
2022-08-30T19:36:55.549723153,READ,1490
2022-08-30T19:36:55.550363206,OPENAT,9058
2022-08-30T19:36:55.550396929,READ,13052
2022-08-30T19:36:55.550402585,READ,1518
2022-08-30T19:36:55.550673464,OPENAT,10019
2022-08-30T19:36:55.550711695,READ,18611
2022-08-30T19:36:55.550721579,READ,1568
2022-08-30T19:36:55.551073167,OPENAT,9907
2022-08-30T19:36:55.551096752,READ,5217
2022-08-30T19:36:55.551102792,READ,1645
2022-08-30T19:36:55.551517975,OPENAT,10124
2022-08-30T19:36:55.551545937,READ,11154
2022-08-30T19:36:55.551551913,READ,1645
2022-08-30T19:36:55.552755904,OPENAT,10021
2022-08-30T19:36:55.552780212,READ,6667
2022-08-30T19:36:55.552785493,READ,1481
2022-08-30T19:36:55.553010888,OPENAT,9147
2022-08-30T19:36:55.553031890,READ,4293
2022-08-30T19:36:55.553037429,READ,1534
2022-08-30T19:36:55.553516427,OPENAT,9857
2022-08-30T19:36:55.553538709,READ,4688
2022-08-30T19:36:55.553543964,READ,1493
2022-08-30T19:36:55.553806991,OPENAT,7703
2022-08-30T19:36:55.554022605,OPENAT,8959
2022-08-30T19:36:55.554142817,OPENAT,8125
2022-08-30T19:36:55.554163464,READ,4731
2022-08-30T19:36:55.554168692,READ,1538
2022-08-30T19:36:55.554342970,READ,4727
2022-08-30T19:36:55.554609175,READ,3994
2022-08-30T19:36:55.554776857,OPENAT,6849
2022-08-30T19:36:55.554911385,OPENAT,5369
2022-08-30T19:36:55.555318527,OPENAT,8008
2022-08-30T19:36:55.555427958,BIOR,59438
2022-08-30T19:36:55.555440055,READ,99784
2022-08-30T19:36:55.555505157,BIOR,31921
2022-08-30T19:36:55.555515947,READ,51304
2022-08-30T19:36:55.555522816,READ,1806
2022-08-30T19:36:55.555603659,OPENAT,7040
2022-08-30T19:36:55.555627868,READ,3347
2022-08-30T19:36:55.555646241,READ,2108
2022-08-30T19:36:55.555686247,READ,1889
2022-08-30T19:36:55.555859652,READ,2382
2022-08-30T19:36:55.556094511,READ,17761
2022-08-30T19:36:55.556475441,OPENAT,7577
2022-08-30T19:36:55.556611707,OPENAT,8630
2022-08-30T19:36:55.556656936,READ,22005
2022-08-30T19:36:55.556662869,READ,1665
2022-08-30T19:36:55.557119156,OPENAT,9231
2022-08-30T19:36:55.557140050,READ,4155
2022-08-30T19:36:55.557145469,READ,1481
2022-08-30T19:36:55.557337141,OPENAT,8248
2022-08-30T19:36:55.557375041,READ,18824
2022-08-30T19:36:55.557380795,READ,1635
2022-08-30T19:36:55.557788854,OPENAT,9967
2022-08-30T19:36:55.557831649,READ,22712
2022-08-30T19:36:55.557837252,READ,1549
2022-08-30T19:36:55.558284360,OPENAT,8914
2022-08-30T19:36:55.558307977,READ,7001
2022-08-30T19:36:55.558313630,READ,1502
2022-08-30T19:36:55.558827942,OPENAT,12420
2022-08-30T19:36:55.558863655,READ,18118
2022-08-30T19:36:55.558868994,READ,1460
2022-08-30T19:36:55.559080891,OPENAT,9166
2022-08-30T19:36:55.559122723,READ,7985
2022-08-30T19:36:55.559128871,READ,1653
2022-08-30T19:36:55.559370163,OPENAT,8576
2022-08-30T19:36:55.559378521,READ,3959
2022-08-30T19:36:55.559724681,OPENAT,9162
2022-08-30T19:36:55.559746551,READ,4979
2022-08-30T19:36:55.559751852,READ,1457
2022-08-30T19:36:55.561272890,OPENAT,10252
2022-08-30T19:36:55.561313138,READ,16878
2022-08-30T19:36:55.561318938,READ,1521
2022-08-30T19:36:55.561640080,OPENAT,9067
2022-08-30T19:36:55.561678734,READ,21933
2022-08-30T19:36:55.561684087,READ,1501
2022-08-30T19:36:55.563522624,OPENAT,9842
2022-08-30T19:36:55.563573711,READ,24027
2022-08-30T19:36:55.563579975,READ,1576
2022-08-30T19:36:55.563951395,OPENAT,9369
2022-08-30T19:36:55.563974696,READ,5897
2022-08-30T19:36:55.563980266,READ,1566
2022-08-30T19:36:55.564505227,OPENAT,9240
2022-08-30T19:36:55.564530464,READ,7494
2022-08-30T19:36:55.564536025,READ,1588
2022-08-30T19:36:55.564869523,OPENAT,9362
2022-08-30T19:36:55.564904163,READ,14438
2022-08-30T19:36:55.564909482,READ,1547
2022-08-30T19:36:55.565663336,OPENAT,9571
2022-08-30T19:36:55.565673630,READ,5044
2022-08-30T19:36:55.565897483,OPENAT,8330
2022-08-30T19:36:55.565906415,READ,4258
2022-08-30T19:36:55.566159749,OPENAT,9091
2022-08-30T19:36:55.566193177,READ,13435
2022-08-30T19:36:55.566198699,READ,1533
2022-08-30T19:36:55.566394172,OPENAT,6482
2022-08-30T19:36:55.566506845,OPENAT,8343
2022-08-30T19:36:55.566526711,READ,3721
2022-08-30T19:36:55.566532175,READ,1366
2022-08-30T19:36:55.566678047,OPENAT,8005
2022-08-30T19:36:55.566686252,READ,3720
2022-08-30T19:36:55.567608326,OPENAT,22383
2022-08-30T19:36:55.568001907,BIOR,336138
2022-08-30T19:36:55.568040823,READ,407730
2022-08-30T19:36:55.568052030,READ,3296
2022-08-30T19:36:55.568654606,OPENAT,10446
2022-08-30T19:36:55.568679865,READ,7264
2022-08-30T19:36:55.568685524,READ,1443
2022-08-30T19:36:55.568912834,OPENAT,9210
2022-08-30T19:36:55.568936837,READ,7768
2022-08-30T19:36:55.568942384,READ,1505
2022-08-30T19:36:55.569279067,OPENAT,10145
2022-08-30T19:36:55.569305976,READ,10039
2022-08-30T19:36:55.569311510,READ,1594
2022-08-30T19:36:55.569621128,OPENAT,9629
2022-08-30T19:36:55.569642394,READ,5055
2022-08-30T19:36:55.569647979,READ,1543
2022-08-30T19:36:55.570631773,OPENAT,10113
2022-08-30T19:36:55.570659215,READ,5467
2022-08-30T19:36:55.570664961,READ,1546
2022-08-30T19:36:55.570915709,OPENAT,8752
2022-08-30T19:36:55.570999228,READ,36449
2022-08-30T19:36:55.571005965,READ,1697
2022-08-30T19:36:55.571393538,OPENAT,9174
2022-08-30T19:36:55.571414545,READ,4191
2022-08-30T19:36:55.571419871,READ,1427
2022-08-30T19:36:55.571587507,OPENAT,8428
2022-08-30T19:36:55.571596185,READ,4003
2022-08-30T19:36:55.571645894,OPENAT,4317
2022-08-30T19:36:55.571654505,OPENAT,2449
2022-08-30T19:36:55.571661157,OPENAT,2440
2022-08-30T19:36:55.571668597,OPENAT,2353
2022-08-30T19:36:55.571675675,OPENAT,2689
2022-08-30T19:36:55.571683459,OPENAT,2416
2022-08-30T19:36:55.571706771,OPENAT,2610
2022-08-30T19:36:55.571720385,OPENAT,9061
2022-08-30T19:36:55.571727486,READ,3293
2022-08-30T19:36:55.572032342,OPENAT,8652
2022-08-30T19:36:55.572055828,READ,6110
2022-08-30T19:36:55.572061023,READ,1423
2022-08-30T19:36:55.572351397,OPENAT,8938
2022-08-30T19:36:55.572373812,READ,5644
2022-08-30T19:36:55.572379241,READ,1540
2022-08-30T19:36:55.572656694,OPENAT,8881
2022-08-30T19:36:55.572666073,READ,4120
2022-08-30T19:36:55.573001241,OPENAT,12337
2022-08-30T19:36:55.573041183,READ,6927
2022-08-30T19:36:55.573046761,READ,1485
2022-08-30T19:36:55.573237554,OPENAT,8198
2022-08-30T19:36:55.573246024,READ,3879
2022-08-30T19:36:55.573297564,OPENAT,9641
2022-08-30T19:36:55.573304741,READ,3415
2022-08-30T19:36:55.573685624,OPENAT,8565
2022-08-30T19:36:55.573694653,READ,4028
2022-08-30T19:36:55.574253099,OPENAT,19005
2022-08-30T19:36:55.574475124,BIOR,180272
2022-08-30T19:36:55.574488607,READ,210124
2022-08-30T19:36:55.574496138,READ,2101
2022-08-30T19:36:55.574770195,OPENAT,8861
2022-08-30T19:36:55.574816502,READ,15529
2022-08-30T19:36:55.574822372,READ,1560
2022-08-30T19:36:55.578909723,WRITE,33496
2022-08-30T19:36:55.578971247,WRITE,4019
2022-08-30T19:36:55.579732170,READ,124294
2022-08-30T19:36:55.580525253,READ,188027
2022-08-30T19:36:55.581296427,READ,169834
2022-08-30T19:36:55.582122469,READ,214821
2022-08-30T19:36:55.582902553,READ,215506
2022-08-30T19:36:55.583794701,READ,189758
2022-08-30T19:36:55.584673822,READ,210168
2022-08-30T19:36:55.585545619,READ,231961
