2022-08-30T19:36:55.581833948,OPENAT,32511
2022-08-30T19:36:55.582182213,OPENAT,5081
2022-08-30T19:36:55.582193191,OPENAT,2650
2022-08-30T19:36:55.582200444,OPENAT,2571
2022-08-30T19:36:55.582207362,OPENAT,2475
2022-08-30T19:36:55.582214250,OPENAT,2749
2022-08-30T19:36:55.582220912,OPENAT,2524
2022-08-30T19:36:55.582227672,OPENAT,2556
2022-08-30T19:36:55.582234448,OPENAT,2498
2022-08-30T19:36:55.582244137,OPENAT,3002
2022-08-30T19:36:55.582251956,OPENAT,2312
2022-08-30T19:36:55.582258151,OPENAT,2297
2022-08-30T19:36:55.582265025,OPENAT,2473
2022-08-30T19:36:55.582271751,OPENAT,2435
2022-08-30T19:36:55.582278038,OPENAT,2246
2022-08-30T19:36:55.582284610,OPENAT,2453
2022-08-30T19:36:55.582292811,OPENAT,2127
2022-08-30T19:36:55.582299509,OPENAT,2438
2022-08-30T19:36:55.582306175,OPENAT,2311
2022-08-30T19:36:55.582312674,OPENAT,2310
2022-08-30T19:36:55.582319305,OPENAT,2214
2022-08-30T19:36:55.582326077,OPENAT,2283
2022-08-30T19:36:55.582332755,OPENAT,2175
2022-08-30T19:36:55.582339679,OPENAT,2414
2022-08-30T19:36:55.582346174,OPENAT,1974
2022-08-30T19:36:55.582356051,OPENAT,5184
2022-08-30T19:36:55.582383503,OPENAT,6899
2022-08-30T19:36:55.582392860,READ,4879
2022-08-30T19:36:55.582450931,OPENAT,3893
2022-08-30T19:36:55.582463275,OPENAT,5902
2022-08-30T19:36:55.582486144,READ,19907
2022-08-30T19:36:55.582536065,OPENAT,3447
2022-08-30T19:36:55.582548923,OPENAT,6009
2022-08-30T19:36:55.582555242,READ,2537
2022-08-30T19:36:55.582586714,OPENAT,3410
2022-08-30T19:36:55.582599651,OPENAT,6017
2022-08-30T19:36:55.582606192,READ,2530
2022-08-30T19:36:55.582637933,OPENAT,3310
2022-08-30T19:36:55.582650415,OPENAT,5824
2022-08-30T19:36:55.582655789,READ,2421
2022-08-30T19:36:55.582686904,OPENAT,3349
2022-08-30T19:36:55.582699368,OPENAT,5887
2022-08-30T19:36:55.582704779,READ,2447
2022-08-30T19:36:55.583360213,OPENAT,5561
2022-08-30T19:36:55.583375380,OPENAT,2939
2022-08-30T19:36:55.583404859,OPENAT,7218
2022-08-30T19:36:55.583432736,OPENAT,6048
2022-08-30T19:36:55.583569834,OPENAT,3603
2022-08-30T19:36:55.583578927,OPENAT,2192
2022-08-30T19:36:55.583663564,OPENAT,5644
2022-08-30T19:36:55.583675640,READ,3504
2022-08-30T19:36:55.587586707,OPENAT,6335
2022-08-30T19:36:55.587853947,OPENAT,7919
2022-08-30T19:36:55.588349231,OPENAT,10815
2022-08-30T19:36:55.588386505,READ,5180
2022-08-30T19:36:55.588393595,READ,1975
2022-08-30T19:36:55.588639051,OPENAT,9185
2022-08-30T19:36:55.588675182,READ,14193
2022-08-30T19:36:55.588681926,READ,1958
2022-08-30T19:36:55.589331586,OPENAT,8376
2022-08-30T19:36:55.589639510,OPENAT,9010
2022-08-30T19:36:55.589666512,READ,4935
2022-08-30T19:36:55.589672900,READ,1819
2022-08-30T19:36:55.590033149,OPENAT,9903
2022-08-30T19:36:55.590061602,READ,4341
2022-08-30T19:36:55.590068188,READ,1832
2022-08-30T19:36:55.590683878,OPENAT,9795
2022-08-30T19:36:55.590711269,READ,4411
2022-08-30T19:36:55.590717947,READ,1864
2022-08-30T19:36:55.591099804,OPENAT,9553
2022-08-30T19:36:55.591130695,READ,4668
2022-08-30T19:36:55.591136326,READ,1833
2022-08-30T19:36:55.591321680,OPENAT,8522
2022-08-30T19:36:55.591346744,READ,4259
2022-08-30T19:36:55.591352348,READ,1835
2022-08-30T19:36:55.592068545,OPENAT,9362
2022-08-30T19:36:55.592104697,READ,11763
2022-08-30T19:36:55.592111843,READ,1959
2022-08-30T19:36:55.592368889,OPENAT,9133
2022-08-30T19:36:55.592404849,READ,14401
2022-08-30T19:36:55.592411932,READ,1836
2022-08-30T19:36:55.592806077,OPENAT,9538
2022-08-30T19:36:55.592830900,READ,4735
2022-08-30T19:36:55.592837926,READ,1907
2022-08-30T19:36:55.593304905,OPENAT,9845
2022-08-30T19:36:55.593333048,READ,7510
2022-08-30T19:36:55.593340409,READ,2185
2022-08-30T19:36:55.594890863,OPENAT,10457
2022-08-30T19:36:55.594917549,READ,5568
2022-08-30T19:36:55.594924535,READ,1997
2022-08-30T19:36:55.595207968,OPENAT,10132
2022-08-30T19:36:55.595232007,READ,4241
2022-08-30T19:36:55.595238632,READ,1997
2022-08-30T19:36:55.595864526,OPENAT,10520
2022-08-30T19:36:55.595890115,READ,4612
2022-08-30T19:36:55.595897091,READ,2046
2022-08-30T19:36:55.596212128,OPENAT,8597
2022-08-30T19:36:55.596501501,OPENAT,9791
2022-08-30T19:36:55.596646278,OPENAT,9241
2022-08-30T19:36:55.596670595,READ,4697
2022-08-30T19:36:55.596676594,READ,2057
2022-08-30T19:36:55.596872248,READ,4681
2022-08-30T19:36:55.597201084,READ,4872
2022-08-30T19:36:55.597397400,OPENAT,8351
2022-08-30T19:36:55.597561335,OPENAT,6793
2022-08-30T19:36:55.597942569,OPENAT,7574
2022-08-30T19:36:55.597971326,READ,4211
2022-08-30T19:36:55.597998942,READ,3014
2022-08-30T19:36:55.598004139,READ,1679
2022-08-30T19:36:55.598079286,OPENAT,6045
2022-08-30T19:36:55.598117255,READ,3147
2022-08-30T19:36:55.598138196,READ,2259
2022-08-30T19:36:55.598714719,READ,3373
2022-08-30T19:36:55.598726669,READ,1824
2022-08-30T19:36:55.599330010,OPENAT,7893
2022-08-30T19:36:55.599620984,OPENAT,10373
2022-08-30T19:36:55.599659986,READ,14028
2022-08-30T19:36:55.599667103,READ,2138
2022-08-30T19:36:55.599970209,OPENAT,9277
2022-08-30T19:36:55.600014784,READ,6208
2022-08-30T19:36:55.600025060,READ,1903
2022-08-30T19:36:55.600374675,OPENAT,9530
2022-08-30T19:36:55.600412308,READ,14234
2022-08-30T19:36:55.600419283,READ,1997
2022-08-30T19:36:55.601004107,OPENAT,10392
2022-08-30T19:36:55.601029814,READ,5444
2022-08-30T19:36:55.601036271,READ,2060
2022-08-30T19:36:55.601536152,OPENAT,10366
2022-08-30T19:36:55.601560919,READ,4271
2022-08-30T19:36:55.601567860,READ,1901
2022-08-30T19:36:55.601786080,OPENAT,9211
2022-08-30T19:36:55.601809825,READ,5229
2022-08-30T19:36:55.601816816,READ,1915
2022-08-30T19:36:55.602049329,OPENAT,10626
2022-08-30T19:36:55.602058834,READ,4145
2022-08-30T19:36:55.602562789,OPENAT,9856
2022-08-30T19:36:55.602588519,READ,4784
2022-08-30T19:36:55.602595369,READ,1902
2022-08-30T19:36:55.603466297,OPENAT,13997
2022-08-30T19:36:55.603506281,READ,12202
2022-08-30T19:36:55.603513650,READ,2000
2022-08-30T19:36:55.603772317,OPENAT,9737
2022-08-30T19:36:55.603810172,READ,15061
2022-08-30T19:36:55.603817317,READ,2019
2022-08-30T19:36:55.604969600,OPENAT,10319
2022-08-30T19:36:55.604995607,READ,5234
2022-08-30T19:36:55.605001486,READ,1949
2022-08-30T19:36:55.605974211,OPENAT,10801
2022-08-30T19:36:55.606001742,READ,6382
2022-08-30T19:36:55.606008924,READ,2133
2022-08-30T19:36:55.606395042,OPENAT,9595
2022-08-30T19:36:55.606439976,READ,15872
2022-08-30T19:36:55.606447289,READ,2071
2022-08-30T19:36:55.606787518,OPENAT,9771
2022-08-30T19:36:55.606812104,READ,4764
2022-08-30T19:36:55.606819249,READ,1986
2022-08-30T19:36:55.607619569,OPENAT,10562
2022-08-30T19:36:55.607663988,READ,17760
2022-08-30T19:36:55.607687579,READ,2002
2022-08-30T19:36:55.608960930,OPENAT,11275
2022-08-30T19:36:55.608987588,READ,5065
2022-08-30T19:36:55.608993450,READ,1930
2022-08-30T19:36:55.612644075,OPENAT,10505
2022-08-30T19:36:55.612725779,READ,17134
2022-08-30T19:36:55.612733669,READ,2000
2022-08-30T19:36:55.614842035,OPENAT,10961
2022-08-30T19:36:55.614880004,READ,12217
2022-08-30T19:36:55.614887237,READ,2034
2022-08-30T19:36:55.615229159,OPENAT,10676
2022-08-30T19:36:55.615258517,READ,20296
2022-08-30T19:36:55.615334858,OPENAT,5812
2022-08-30T19:36:55.615345690,OPENAT,3420
2022-08-30T19:36:55.615354188,OPENAT,3213
2022-08-30T19:36:55.615363609,OPENAT,3164
2022-08-30T19:36:55.615372233,OPENAT,3354
2022-08-30T19:36:55.615381350,OPENAT,3179
2022-08-30T19:36:55.615389608,OPENAT,3162
2022-08-30T19:36:55.615403802,OPENAT,8317
2022-08-30T19:36:55.615410840,READ,3122
2022-08-30T19:36:55.615824519,OPENAT,14437
2022-08-30T19:36:55.615848887,READ,4009
2022-08-30T19:36:55.615855404,READ,1786
2022-08-30T19:36:55.616055833,OPENAT,10350
2022-08-30T19:36:55.616065659,READ,4150
2022-08-30T19:36:55.617013149,OPENAT,8328
2022-08-30T19:36:55.617156041,OPENAT,9244
2022-08-30T19:36:55.617185291,READ,4447
2022-08-30T19:36:55.617190931,READ,1809
2022-08-30T19:36:55.617529064,OPENAT,8358
2022-08-30T19:36:55.617705587,OPENAT,9450
2022-08-30T19:36:55.617740612,READ,9680
2022-08-30T19:36:55.617747787,READ,2010
2022-08-30T19:36:55.618052360,OPENAT,9264
2022-08-30T19:36:55.618074593,READ,3829
2022-08-30T19:36:55.618081058,READ,1751
2022-08-30T19:36:55.618219557,OPENAT,7106
2022-08-30T19:36:55.618369108,OPENAT,25244
2022-08-30T19:36:55.618395741,READ,4089
2022-08-30T19:36:55.618402641,READ,1848
2022-08-30T19:36:55.618583461,OPENAT,9826
2022-08-30T19:36:55.618593212,READ,4166
2022-08-30T19:36:55.618901802,OPENAT,8931
2022-08-30T19:36:55.618938334,READ,5398
2022-08-30T19:36:55.618963111,READ,1997
2022-08-30T19:36:55.619210420,OPENAT,9726
2022-08-30T19:36:55.619267114,READ,33737
2022-08-30T19:36:55.619290885,READ,2036
2022-08-30T19:36:55.619828208,OPENAT,9543
2022-08-30T19:36:55.619870443,READ,5030
2022-08-30T19:36:55.619877396,READ,1991
2022-08-30T19:36:55.620499306,OPENAT,10570
2022-08-30T19:36:55.620509801,READ,4476
2022-08-30T19:36:55.620893495,OPENAT,9440
2022-08-30T19:36:55.620959535,READ,39087
2022-08-30T19:36:55.620967026,READ,1981
2022-08-30T19:36:55.621714876,OPENAT,9634
2022-08-30T19:36:55.621743492,READ,6188
2022-08-30T19:36:55.621750641,READ,1939
2022-08-30T19:36:55.624379485,OPENAT,17206
2022-08-30T19:36:55.624425672,READ,20879
2022-08-30T19:36:55.624431257,READ,1922
2022-08-30T19:36:55.624791024,OPENAT,9971
2022-08-30T19:36:55.624822754,READ,8105
2022-08-30T19:36:55.624829800,READ,1922
2022-08-30T19:36:55.625161707,OPENAT,9534
2022-08-30T19:36:55.625185592,READ,4478
2022-08-30T19:36:55.625192652,READ,2013
2022-08-30T19:36:55.625437684,OPENAT,8645
2022-08-30T19:36:55.625475045,READ,9343
2022-08-30T19:36:55.625482030,READ,1955
2022-08-30T19:36:55.625947459,OPENAT,10140
2022-08-30T19:36:55.625977456,READ,4394
2022-08-30T19:36:55.625984793,READ,1886
2022-08-30T19:36:55.627801787,OPENAT,11914
2022-08-30T19:36:55.627856381,READ,5222
2022-08-30T19:36:55.627867815,READ,2105
2022-08-30T19:36:55.628104702,OPENAT,9307
2022-08-30T19:36:55.628161521,READ,32292
2022-08-30T19:36:55.628168238,READ,2118
2022-08-30T19:36:55.628803099,OPENAT,9273
2022-08-30T19:36:55.628828177,READ,5484
2022-08-30T19:36:55.628834808,READ,1853
2022-08-30T19:36:55.629335724,OPENAT,11553
2022-08-30T19:36:55.629363450,READ,4598
2022-08-30T19:36:55.629370053,READ,1839
2022-08-30T19:36:55.629619539,OPENAT,10199
2022-08-30T19:36:55.629629226,READ,4243
2022-08-30T19:36:55.630338727,OPENAT,27832
2022-08-30T19:36:55.630366500,READ,4861
2022-08-30T19:36:55.630373550,READ,1925
2022-08-30T19:36:55.630527835,OPENAT,8836
2022-08-30T19:36:55.630686893,OPENAT,8906
2022-08-30T19:36:55.630708893,READ,3890
2022-08-30T19:36:55.630715292,READ,1849
2022-08-30T19:36:55.632506097,OPENAT,10898
2022-08-30T19:36:55.632551528,READ,6913
2022-08-30T19:36:55.632558607,READ,1977
2022-08-30T19:36:55.632926016,OPENAT,9388
2022-08-30T19:36:55.632968902,READ,20011
2022-08-30T19:36:55.632975885,READ,1947
2022-08-30T19:36:55.633409301,OPENAT,9176
2022-08-30T19:36:55.633432996,READ,4321
2022-08-30T19:36:55.633439539,READ,1803
2022-08-30T19:36:55.633784362,OPENAT,10455
2022-08-30T19:36:55.633821321,READ,4421
2022-08-30T19:36:55.633885062,OPENAT,10984
2022-08-30T19:36:55.633892611,READ,3023
2022-08-30T19:36:55.634217875,OPENAT,9949
2022-08-30T19:36:55.634243657,READ,5304
2022-08-30T19:36:55.634250659,READ,1963
2022-08-30T19:36:55.634528670,OPENAT,9406
2022-08-30T19:36:55.634551943,READ,4342
2022-08-30T19:36:55.634558929,READ,2000
2022-08-30T19:36:55.634898740,OPENAT,10936
2022-08-30T19:36:55.634908668,READ,4339
2022-08-30T19:36:55.635434195,OPENAT,9678
2022-08-30T19:36:55.635459558,READ,5379
2022-08-30T19:36:55.635466254,READ,1832
2022-08-30T19:36:55.635706595,OPENAT,10312
2022-08-30T19:36:55.635715775,READ,3879
2022-08-30T19:36:55.635773881,OPENAT,9791
2022-08-30T19:36:55.635798075,READ,3027
2022-08-30T19:36:55.636273692,OPENAT,11154
2022-08-30T19:36:55.636284599,READ,4528
2022-08-30T19:36:55.636887201,OPENAT,10065
2022-08-30T19:36:55.636933332,READ,18896
2022-08-30T19:36:55.636940236,READ,1887
2022-08-30T19:36:55.637256644,OPENAT,11726
2022-08-30T19:36:55.637298005,READ,4027
2022-08-30T19:36:55.637316501,READ,1897
2022-08-30T19:36:55.637509312,OPENAT,10314
2022-08-30T19:36:55.637518851,READ,4140
2022-08-30T19:36:55.637783909,OPENAT,9936
2022-08-30T19:36:55.637793141,READ,3959
2022-08-30T19:36:55.638028566,OPENAT,9936
2022-08-30T19:36:55.638038122,READ,3976
2022-08-30T19:36:55.638236494,OPENAT,8546
2022-08-30T19:36:55.638260335,READ,15566
2022-08-30T19:36:55.638437378,OPENAT,9104
2022-08-30T19:36:55.638486973,READ,26358
2022-08-30T19:36:55.638494243,READ,2015
2022-08-30T19:36:55.639268790,OPENAT,20486
2022-08-30T19:36:55.639294472,READ,4521
2022-08-30T19:36:55.639301448,READ,1953
2022-08-30T19:36:55.639551083,OPENAT,9831
2022-08-30T19:36:55.639602767,READ,24827
2022-08-30T19:36:55.639609172,READ,2053
2022-08-30T19:36:55.640083454,OPENAT,9346
2022-08-30T19:36:55.640123294,READ,4384
2022-08-30T19:36:55.640130875,READ,1935
2022-08-30T19:36:55.641621209,OPENAT,11487
2022-08-30T19:36:55.641632473,READ,4832
2022-08-30T19:36:55.641864060,OPENAT,10177
2022-08-30T19:36:55.641873681,READ,4286
2022-08-30T19:36:55.642150332,OPENAT,9518
2022-08-30T19:36:55.642176393,READ,6027
2022-08-30T19:36:55.642183050,READ,1942
2022-08-30T19:36:55.643822982,OPENAT,9055
2022-08-30T19:36:55.644968848,READ,182420
2022-08-30T19:36:55.645552749,READ,513549
2022-08-30T19:36:55.645565318,READ,2810
2022-08-30T19:36:55.645867852,OPENAT,14873
2022-08-30T19:36:55.645880300,READ,4347
2022-08-30T19:36:55.645944686,OPENAT,5751
2022-08-30T19:36:55.645956206,OPENAT,3691
2022-08-30T19:36:55.645966367,OPENAT,3493
2022-08-30T19:36:55.645976953,OPENAT,4157
2022-08-30T19:36:55.645987097,OPENAT,3678
2022-08-30T19:36:55.645996940,OPENAT,3466
2022-08-30T19:36:55.646006842,OPENAT,3607
2022-08-30T19:36:55.646016992,OPENAT,3749
2022-08-30T19:36:55.646029717,OPENAT,4174
2022-08-30T19:36:55.646040520,OPENAT,3847
2022-08-30T19:36:55.646051363,OPENAT,3782
2022-08-30T19:36:55.646062057,OPENAT,3791
2022-08-30T19:36:55.646072766,OPENAT,3907
2022-08-30T19:36:55.646083082,OPENAT,3782
2022-08-30T19:36:55.646093446,OPENAT,3858
2022-08-30T19:36:55.646107957,OPENAT,7429
2022-08-30T19:36:55.646115835,READ,3285
2022-08-30T19:36:55.646173974,OPENAT,5072
2022-08-30T19:36:55.646186589,OPENAT,7278
2022-08-30T19:36:55.646194239,READ,3097
2022-08-30T19:36:55.646245329,OPENAT,4865
2022-08-30T19:36:55.646257777,OPENAT,7405
2022-08-30T19:36:55.646265070,READ,2837
2022-08-30T19:36:55.646273052,READ,2061
2022-08-30T19:36:55.646329441,OPENAT,4969
2022-08-30T19:36:55.646343312,OPENAT,9293
2022-08-30T19:36:55.646350601,READ,3106
2022-08-30T19:36:55.646358462,READ,2313
2022-08-30T19:36:55.646368624,READ,2131
2022-08-30T19:36:55.646423006,OPENAT,5200
2022-08-30T19:36:55.646436471,OPENAT,8922
2022-08-30T19:36:55.646443737,READ,3028
2022-08-30T19:36:55.646451328,READ,2166
2022-08-30T19:36:55.646462550,READ,2177
2022-08-30T19:36:55.646527152,OPENAT,4873
2022-08-30T19:36:55.646539841,OPENAT,8114
2022-08-30T19:36:55.646546939,READ,2952
2022-08-30T19:36:55.646554265,READ,2150
2022-08-30T19:36:55.646565839,READ,2133
2022-08-30T19:36:55.646612100,OPENAT,5076
2022-08-30T19:36:55.646624578,OPENAT,7960
2022-08-30T19:36:55.646631915,READ,2891
2022-08-30T19:36:55.646639270,READ,2067
2022-08-30T19:36:55.646651364,READ,2082
2022-08-30T19:36:55.646694163,OPENAT,5081
2022-08-30T19:36:55.646707009,OPENAT,8156
2022-08-30T19:36:55.646714352,READ,2859
2022-08-30T19:36:55.646721714,READ,2129
2022-08-30T19:36:55.646731405,READ,2087
2022-08-30T19:36:55.646773192,OPENAT,4654
2022-08-30T19:36:55.646785590,OPENAT,7778
2022-08-30T19:36:55.646792874,READ,2808
2022-08-30T19:36:55.646865373,OPENAT,9270
2022-08-30T19:36:55.646872920,READ,2892
2022-08-30T19:36:55.646976075,OPENAT,9277
2022-08-30T19:36:55.646984577,READ,3219
2022-08-30T19:36:55.647046793,OPENAT,9770
2022-08-30T19:36:55.647054335,READ,3076
2022-08-30T19:36:55.647062113,READ,2295
2022-08-30T19:36:55.647074491,READ,2197
2022-08-30T19:36:55.668476918,OPENAT,19414
2022-08-30T19:36:55.668765125,OPENAT,4209
2022-08-30T19:36:55.668772065,OPENAT,2075
2022-08-30T19:36:55.671789033,OPENAT,12856
2022-08-30T19:36:55.671802401,READ,6743
2022-08-30T19:36:55.671987958,OPENAT,17425
2022-08-30T19:36:55.671999507,OPENAT,4171
2022-08-30T19:36:55.672010146,OPENAT,3414
2022-08-30T19:36:55.672019414,OPENAT,3618
2022-08-30T19:36:55.672029504,OPENAT,4341
2022-08-30T19:36:55.672040210,OPENAT,4609
2022-08-30T19:36:55.672053340,OPENAT,5644
2022-08-30T19:36:55.672067030,OPENAT,6171
2022-08-30T19:36:55.672085214,OPENAT,10463
2022-08-30T19:36:55.672092381,READ,4213
2022-08-30T19:36:55.672184057,OPENAT,10203
2022-08-30T19:36:55.672191278,READ,3889
2022-08-30T19:36:55.672261181,OPENAT,9429
2022-08-30T19:36:55.672269112,READ,3597
2022-08-30T19:36:55.672341136,OPENAT,8776
2022-08-30T19:36:55.672347552,READ,3126
2022-08-30T19:36:55.672434712,OPENAT,9492
2022-08-30T19:36:55.672441750,READ,3452
2022-08-30T19:36:55.672548090,OPENAT,8405
2022-08-30T19:36:55.672554581,READ,3018
2022-08-30T19:36:55.672619313,OPENAT,8743
2022-08-30T19:36:55.672627350,READ,3654
2022-08-30T19:36:55.672635757,READ,2382
2022-08-30T19:36:55.672792352,OPENAT,5247
2022-08-30T19:36:55.672823879,OPENAT,15612
2022-08-30T19:36:55.672831297,READ,3907
2022-08-30T19:36:55.672841027,READ,2506
2022-08-30T19:36:55.672853735,READ,2229
2022-08-30T19:36:55.672939083,OPENAT,5169
2022-08-30T19:36:55.672952540,OPENAT,9748
2022-08-30T19:36:55.672958803,READ,2988
2022-08-30T19:36:55.672965317,READ,2245
2022-08-30T19:36:55.672974767,READ,2132
2022-08-30T19:36:56.102479180,OPENAT,8769
2022-08-30T19:36:56.102493254,OPENAT,2326
2022-08-30T19:36:56.168987250,OPENAT,28383
2022-08-30T19:36:56.169003092,READ,7464
2022-08-30T19:36:56.169010659,READ,1680
2022-08-30T19:36:56.169047473,OPENAT,7090
2022-08-30T19:36:56.169056323,READ,4242
2022-08-30T19:36:56.169062036,READ,1504
2022-08-30T19:36:56.169077018,OPENAT,6037
2022-08-30T19:36:56.169084446,READ,3274
2022-08-30T19:36:56.169090390,READ,1476
2022-08-30T19:36:56.169104788,OPENAT,5357
2022-08-30T19:36:56.169112097,READ,3171
2022-08-30T19:36:56.169118011,READ,1502
2022-08-30T19:36:56.169131809,OPENAT,5109
2022-08-30T19:36:56.169139322,READ,3120
2022-08-30T19:36:56.169144819,READ,1471
2022-08-30T19:36:56.170681111,OPENAT,1528119
2022-08-30T19:36:56.170724427,READ,39443
2022-08-30T19:36:56.170747775,READ,14997
2022-08-30T19:36:56.170766985,READ,14544
2022-08-30T19:36:56.170786453,READ,14633
2022-08-30T19:36:56.170805303,READ,14403
2022-08-30T19:36:56.170824716,READ,14672
2022-08-30T19:36:56.170848529,READ,14869
2022-08-30T19:36:56.170867682,READ,14366
2022-08-30T19:36:56.170886731,READ,14455
2022-08-30T19:36:56.170905966,READ,14337
2022-08-30T19:36:56.170930075,READ,19410
2022-08-30T19:36:56.170949158,READ,14444
2022-08-30T19:36:56.170968119,READ,14202
2022-08-30T19:36:56.171008730,READ,36287
2022-08-30T19:36:56.171043821,READ,30611
2022-08-30T19:36:56.171062855,READ,14182
2022-08-30T19:36:56.171081823,READ,14274
2022-08-30T19:36:56.171100744,READ,14201
2022-08-30T19:36:56.171119961,READ,14212
2022-08-30T19:36:56.171138825,READ,14235
2022-08-30T19:36:56.171158318,READ,14500
2022-08-30T19:36:56.171177341,READ,14440
2022-08-30T19:36:56.171196368,READ,14398
2022-08-30T19:36:56.171215521,READ,14391
2022-08-30T19:36:56.171233919,READ,14331
2022-08-30T19:36:56.171265025,READ,14367
2022-08-30T19:36:56.171283741,READ,14421
2022-08-30T19:36:56.171302172,READ,14328
2022-08-30T19:36:56.171332897,READ,26177
2022-08-30T19:36:56.171363048,READ,14230
2022-08-30T19:36:56.171381799,READ,14157
2022-08-30T19:36:56.171400304,READ,14247
2022-08-30T19:36:56.171419139,READ,14225
2022-08-30T19:36:56.171438322,READ,14187
2022-08-30T19:36:56.171457746,READ,14384
2022-08-30T19:36:56.171476974,READ,14286
2022-08-30T19:36:56.171496119,READ,14200
2022-08-30T19:36:56.171515118,READ,14280
2022-08-30T19:36:56.171534263,READ,14200
2022-08-30T19:36:56.171553165,READ,14174
2022-08-30T19:36:56.171572152,READ,14131
2022-08-30T19:36:56.171592616,READ,14281
2022-08-30T19:36:56.171611453,READ,14212
2022-08-30T19:36:56.171630163,READ,14359
2022-08-30T19:36:56.171649290,READ,14255
2022-08-30T19:36:56.171668211,READ,14295
2022-08-30T19:36:56.171687251,READ,14269
2022-08-30T19:36:56.171706351,READ,14239
2022-08-30T19:36:56.171725232,READ,14155
2022-08-30T19:36:56.171744211,READ,14197
2022-08-30T19:36:56.171763484,READ,14171
2022-08-30T19:36:56.171782607,READ,14152
2022-08-30T19:36:56.171801566,READ,14183
2022-08-30T19:36:56.171820365,READ,14182
2022-08-30T19:36:56.171839181,READ,14116
2022-08-30T19:36:56.171858195,READ,14181
2022-08-30T19:36:56.171877765,READ,14164
2022-08-30T19:36:56.171896676,READ,14134
2022-08-30T19:36:56.171914933,READ,14155
2022-08-30T19:36:56.171933694,READ,14170
2022-08-30T19:36:56.171952375,READ,14145
2022-08-30T19:36:56.171971411,READ,14149
2022-08-30T19:36:56.171990975,READ,14163
2022-08-30T19:36:56.172010137,READ,14149
2022-08-30T19:36:56.172029344,READ,14142
2022-08-30T19:36:56.172048620,READ,14167
2022-08-30T19:36:56.172067796,READ,14159
2022-08-30T19:36:56.172086928,READ,14237
2022-08-30T19:36:56.172105879,READ,14269
2022-08-30T19:36:56.172124823,READ,14252
2022-08-30T19:36:56.172144029,READ,14283
2022-08-30T19:36:56.172163054,READ,14259
2022-08-30T19:36:56.172198785,READ,30248
2022-08-30T19:36:56.172217011,READ,13669
2022-08-30T19:36:56.172235145,READ,13701
2022-08-30T19:36:56.172253300,READ,13661
2022-08-30T19:36:56.172271358,READ,13659
2022-08-30T19:36:56.172306908,READ,31040
2022-08-30T19:36:56.172325948,READ,14260
2022-08-30T19:36:56.172332913,READ,1777
2022-08-30T19:36:56.172338142,READ,1612
2022-08-30T19:36:56.248567965,OPENAT,2302198
2022-08-30T19:36:56.248618575,READ,32703
2022-08-30T19:36:56.248647565,READ,16806
2022-08-30T19:36:56.248667665,READ,15491
2022-08-30T19:36:56.248687470,READ,14824
2022-08-30T19:36:56.248693014,READ,1936
2022-08-30T19:36:56.248711448,READ,14528
2022-08-30T19:36:56.248730260,READ,14607
2022-08-30T19:36:56.248749122,READ,14624
2022-08-30T19:36:56.248754957,READ,1805
2022-08-30T19:36:56.248772970,READ,14371
2022-08-30T19:36:56.248807799,READ,30479
2022-08-30T19:36:56.248843373,READ,30942
2022-08-30T19:36:56.248873147,READ,1706
2022-08-30T19:36:56.248891077,READ,13821
2022-08-30T19:36:56.248908798,READ,13722
2022-08-30T19:36:56.248926611,READ,13688
2022-08-30T19:36:56.248932176,READ,1719
2022-08-30T19:36:56.248949170,READ,13802
2022-08-30T19:36:56.248967114,READ,13793
2022-08-30T19:36:56.248984976,READ,13761
2022-08-30T19:36:56.248991159,READ,1684
2022-08-30T19:36:56.249008175,READ,13533
2022-08-30T19:36:56.249026084,READ,13896
2022-08-30T19:36:56.249043838,READ,13895
2022-08-30T19:36:56.249049260,READ,1683
2022-08-30T19:36:56.249066128,READ,13792
2022-08-30T19:36:56.249083606,READ,13649
2022-08-30T19:36:56.249101575,READ,13807
2022-08-30T19:36:56.249107157,READ,1659
2022-08-30T19:36:56.249124204,READ,13900
2022-08-30T19:36:56.249142096,READ,13645
2022-08-30T19:36:56.249160154,READ,13827
2022-08-30T19:36:56.249166026,READ,1753
2022-08-30T19:36:56.249183717,READ,13644
2022-08-30T19:36:56.249201207,READ,13634
2022-08-30T19:36:56.249219148,READ,13790
2022-08-30T19:36:56.249237039,READ,13793
2022-08-30T19:36:56.249243778,READ,1644
2022-08-30T19:36:56.249261069,READ,13622
2022-08-30T19:36:56.249278859,READ,13679
2022-08-30T19:36:56.249296574,READ,13642
2022-08-30T19:36:56.249301419,READ,1678
2022-08-30T19:36:56.249319201,READ,13750
2022-08-30T19:36:56.249336902,READ,13783
2022-08-30T19:36:56.249354806,READ,13777
2022-08-30T19:36:56.249359987,READ,1730
2022-08-30T19:36:56.249377336,READ,13670
2022-08-30T19:36:56.249395340,READ,13814
2022-08-30T19:36:56.249413474,READ,13687
2022-08-30T19:36:56.249419025,READ,1613
2022-08-30T19:36:56.249436382,READ,13742
2022-08-30T19:36:56.249453999,READ,13644
2022-08-30T19:36:56.249472745,READ,13648
2022-08-30T19:36:56.249478292,READ,1766
2022-08-30T19:36:56.249495219,READ,13741
2022-08-30T19:36:56.249512888,READ,13681
2022-08-30T19:36:56.249530594,READ,13610
2022-08-30T19:36:56.249536863,READ,1714
2022-08-30T19:36:56.249553722,READ,13514
2022-08-30T19:36:56.249571578,READ,13633
2022-08-30T19:36:56.249604976,READ,29337
2022-08-30T19:36:56.249610787,READ,1790
2022-08-30T19:36:56.249645298,READ,13585
2022-08-30T19:36:56.249662838,READ,13561
2022-08-30T19:36:56.249680476,READ,13583
2022-08-30T19:36:56.249686563,READ,1678
2022-08-30T19:36:56.249703657,READ,13791
2022-08-30T19:36:56.249721810,READ,13684
2022-08-30T19:36:56.249739824,READ,13647
2022-08-30T19:36:56.249757750,READ,13754
2022-08-30T19:36:56.249763715,READ,1689
2022-08-30T19:36:56.249780836,READ,13643
2022-08-30T19:36:56.249800459,READ,13639
2022-08-30T19:36:56.249818928,READ,13814
2022-08-30T19:36:56.249824642,READ,1641
2022-08-30T19:36:56.249842419,READ,13624
2022-08-30T19:36:56.249860531,READ,13643
2022-08-30T19:36:56.249878728,READ,13602
2022-08-30T19:36:56.249883590,READ,1635
2022-08-30T19:36:56.249900713,READ,13677
2022-08-30T19:36:56.249918356,READ,13664
2022-08-30T19:36:56.249946059,READ,13724
2022-08-30T19:36:56.249951449,READ,1725
2022-08-30T19:36:56.249968718,READ,13576
2022-08-30T19:36:56.249986401,READ,13634
2022-08-30T19:36:56.250004123,READ,13770
2022-08-30T19:36:56.250009313,READ,1678
2022-08-30T19:36:56.250026686,READ,13640
2022-08-30T19:36:56.250044346,READ,13669
2022-08-30T19:36:56.250061981,READ,13619
2022-08-30T19:36:56.250067427,READ,1609
2022-08-30T19:36:56.250084738,READ,13679
2022-08-30T19:36:56.250102734,READ,13658
2022-08-30T19:36:56.250120693,READ,13799
2022-08-30T19:36:56.250137654,READ,1817
2022-08-30T19:36:56.250154510,READ,13728
2022-08-30T19:36:56.250187027,READ,13367
2022-08-30T19:36:56.250203985,READ,13289
2022-08-30T19:36:56.250209359,READ,1561
2022-08-30T19:36:56.250225487,READ,13221
2022-08-30T19:36:56.250242280,READ,13214
2022-08-30T19:36:56.250259226,READ,13138
2022-08-30T19:36:56.250282341,READ,1662
2022-08-30T19:36:56.250299260,READ,13652
2022-08-30T19:36:56.250316712,READ,13667
2022-08-30T19:36:56.250322580,READ,1753
2022-08-30T19:36:56.250339742,READ,1566
2022-08-30T19:36:56.260610509,OPENAT,11364
2022-08-30T19:36:56.260621631,READ,3810
2022-08-30T19:36:56.261004740,OPENAT,11635
2022-08-30T19:36:56.261044257,READ,7623
2022-08-30T19:36:56.261050993,READ,2091
2022-08-30T19:36:56.261345752,OPENAT,8197
2022-08-30T19:36:56.261486410,OPENAT,8775
2022-08-30T19:36:56.261514653,READ,4511
2022-08-30T19:36:56.261521511,READ,2014
2022-08-30T19:36:56.261845968,OPENAT,12424
2022-08-30T19:36:56.261884621,READ,4760
2022-08-30T19:36:56.261891511,READ,2036
2022-08-30T19:36:56.262120381,OPENAT,9618
2022-08-30T19:36:56.262144114,READ,4222
2022-08-30T19:36:56.262150963,READ,1960
2022-08-30T19:36:56.262397577,OPENAT,10183
2022-08-30T19:36:56.262421053,READ,4245
2022-08-30T19:36:56.262429353,READ,2135
2022-08-30T19:36:56.262679326,OPENAT,9731
2022-08-30T19:36:56.262703228,READ,4127
2022-08-30T19:36:56.262709016,READ,1935
2022-08-30T19:36:56.262885401,OPENAT,8832
2022-08-30T19:36:56.262998171,OPENAT,10590
2022-08-30T19:36:56.263008271,READ,4433
2022-08-30T19:36:56.263072422,OPENAT,6225
2022-08-30T19:36:56.263084496,OPENAT,3851
2022-08-30T19:36:56.263094718,OPENAT,3868
2022-08-30T19:36:56.263104526,OPENAT,3972
2022-08-30T19:36:56.263113636,OPENAT,3774
2022-08-30T19:36:56.263123866,OPENAT,4623
2022-08-30T19:36:56.263133220,OPENAT,3714
2022-08-30T19:36:56.263146232,OPENAT,7128
2022-08-30T19:36:56.263152773,READ,3045
2022-08-30T19:36:56.264307133,OPENAT,12318
2022-08-30T19:36:56.264317701,READ,4704
2022-08-30T19:36:56.264865372,OPENAT,10959
2022-08-30T19:36:56.264932119,READ,19876
2022-08-30T19:36:56.264958033,READ,2141
2022-08-30T19:36:56.265539863,OPENAT,11688
2022-08-30T19:36:56.265565462,READ,5180
2022-08-30T19:36:56.265573378,READ,2198
2022-08-30T19:36:56.266783469,OPENAT,12162
2022-08-30T19:36:56.266813589,READ,4828
2022-08-30T19:36:56.266820504,READ,2074
2022-08-30T19:36:56.267057230,OPENAT,8763
2022-08-30T19:36:56.267324209,OPENAT,9864
2022-08-30T19:36:56.267400835,READ,26053
2022-08-30T19:36:56.267409318,READ,2251
2022-08-30T19:36:56.267743721,OPENAT,20245
2022-08-30T19:36:56.267776783,READ,4500
2022-08-30T19:36:56.267783940,READ,1923
2022-08-30T19:36:56.268029857,OPENAT,11051
2022-08-30T19:36:56.268042340,READ,4229
2022-08-30T19:36:56.268825607,OPENAT,10608
2022-08-30T19:36:56.268925795,READ,47060
2022-08-30T19:36:56.268948173,READ,2191
2022-08-30T19:36:56.270089842,OPENAT,11413
2022-08-30T19:36:56.270100378,READ,4669
2022-08-30T19:36:56.272007714,OPENAT,12245
2022-08-30T19:36:56.272061513,READ,4825
2022-08-30T19:36:56.272085543,READ,17799
2022-08-30T19:36:56.272276297,OPENAT,8321
2022-08-30T19:36:56.272429608,OPENAT,9673
2022-08-30T19:36:56.272487618,READ,8784
2022-08-30T19:36:56.272496244,READ,2023
2022-08-30T19:36:56.272757026,OPENAT,11096
2022-08-30T19:36:56.272792454,READ,4349
2022-08-30T19:36:56.272800850,READ,1908
2022-08-30T19:36:56.273054518,OPENAT,9737
2022-08-30T19:36:56.273108321,READ,20444
2022-08-30T19:36:56.273116953,READ,1994
2022-08-30T19:36:56.273693573,OPENAT,9977
2022-08-30T19:36:56.273730947,READ,5678
2022-08-30T19:36:56.273739834,READ,2018
2022-08-30T19:36:56.274694371,OPENAT,10428
2022-08-30T19:36:56.274734516,READ,4449
2022-08-30T19:36:56.274743116,READ,2091
2022-08-30T19:36:56.274979389,OPENAT,8224
2022-08-30T19:36:56.275120655,OPENAT,9475
2022-08-30T19:36:56.275159564,READ,8050
2022-08-30T19:36:56.275168660,READ,2038
2022-08-30T19:36:56.277318567,OPENAT,11334
2022-08-30T19:36:56.277386776,READ,31301
2022-08-30T19:36:56.277411557,READ,2012
2022-08-30T19:36:56.278015049,OPENAT,10625
2022-08-30T19:36:56.278051290,READ,5023
2022-08-30T19:36:56.278060205,READ,2145
2022-08-30T19:36:56.278492038,OPENAT,10968
2022-08-30T19:36:56.278503349,READ,4318
2022-08-30T19:36:56.283459373,OPENAT,11484
2022-08-30T19:36:56.283515235,READ,5248
2022-08-30T19:36:56.283524171,READ,1970
2022-08-30T19:36:56.283831013,OPENAT,10319
2022-08-30T19:36:56.283866906,READ,6089
2022-08-30T19:36:56.283875599,READ,2091
2022-08-30T19:36:56.284161135,OPENAT,9447
2022-08-30T19:36:56.284214062,READ,5172
2022-08-30T19:36:56.284222998,READ,1985
2022-08-30T19:36:56.284760059,OPENAT,11110
2022-08-30T19:36:56.284808942,READ,4590
2022-08-30T19:36:56.284816445,READ,2066
2022-08-30T19:36:56.285099894,OPENAT,10388
2022-08-30T19:36:56.285136367,READ,4740
2022-08-30T19:36:56.285144369,READ,2086
2022-08-30T19:36:56.285429794,OPENAT,9615
2022-08-30T19:36:56.285466984,READ,4596
2022-08-30T19:36:56.285475450,READ,1913
2022-08-30T19:36:56.286511255,OPENAT,11977
2022-08-30T19:36:56.286605024,READ,44959
2022-08-30T19:36:56.286614601,READ,2164
2022-08-30T19:36:56.287151542,OPENAT,10991
2022-08-30T19:36:56.287193155,READ,7319
2022-08-30T19:36:56.287201751,READ,2089
2022-08-30T19:36:56.287533230,OPENAT,10387
2022-08-30T19:36:56.287585620,READ,22356
2022-08-30T19:36:56.287594256,READ,2043
2022-08-30T19:36:56.287846416,OPENAT,25723
2022-08-30T19:36:56.287945677,READ,67108
2022-08-30T19:36:56.287955174,READ,2358
2022-08-30T19:36:56.288438963,OPENAT,10671
2022-08-30T19:36:56.288573884,READ,5234
2022-08-30T19:36:56.288582950,READ,1983
2022-08-30T19:36:56.288857563,OPENAT,10089
2022-08-30T19:36:56.288891218,READ,4523
2022-08-30T19:36:56.288899611,READ,1991
2022-08-30T19:36:56.294227753,OPENAT,11647
2022-08-30T19:36:56.294265681,READ,6303
2022-08-30T19:36:56.294274277,READ,2084
2022-08-30T19:36:56.296496328,OPENAT,11674
2022-08-30T19:36:56.296538581,READ,10175
2022-08-30T19:36:56.296546898,READ,2049
2022-08-30T19:36:56.298019314,OPENAT,11418
2022-08-30T19:36:56.298095645,READ,35608
2022-08-30T19:36:56.298122900,READ,2381
2022-08-30T19:36:56.303104380,OPENAT,11469
2022-08-30T19:36:56.303144432,READ,7760
2022-08-30T19:36:56.303153039,READ,2058
2022-08-30T19:36:56.303731289,OPENAT,10974
2022-08-30T19:36:56.303768561,READ,5145
2022-08-30T19:36:56.303776634,READ,1928
2022-08-30T19:36:56.304097075,OPENAT,10702
2022-08-30T19:36:56.304140725,READ,9647
2022-08-30T19:36:56.304149298,READ,2215
2022-08-30T19:36:56.304908045,OPENAT,11455
2022-08-30T19:36:56.304945386,READ,5342
2022-08-30T19:36:56.304954109,READ,1995
2022-08-30T19:36:56.305242530,OPENAT,10148
2022-08-30T19:36:56.305282092,READ,7467
2022-08-30T19:36:56.305289398,READ,1947
2022-08-30T19:36:56.305771890,OPENAT,10825
2022-08-30T19:36:56.305848670,READ,23958
2022-08-30T19:36:56.305856042,READ,2053
2022-08-30T19:36:56.306605971,OPENAT,10967
2022-08-30T19:36:56.306745264,READ,97311
2022-08-30T19:36:56.306755279,READ,2413
2022-08-30T19:36:56.308100156,OPENAT,12423
2022-08-30T19:36:56.308112583,READ,4968
2022-08-30T19:36:56.309590510,OPENAT,11033
2022-08-30T19:36:56.309626777,READ,4711
2022-08-30T19:36:56.309635360,READ,1995
2022-08-30T19:36:56.309909481,OPENAT,10066
2022-08-30T19:36:56.309956712,READ,6337
2022-08-30T19:36:56.309964943,READ,2087
2022-08-30T19:36:56.310364212,OPENAT,9540
2022-08-30T19:36:56.310400472,READ,5856
2022-08-30T19:36:56.310408886,READ,1949
2022-08-30T19:36:56.313236054,OPENAT,11728
2022-08-30T19:36:56.313273009,READ,5456
2022-08-30T19:36:56.313283345,READ,2164
2022-08-30T19:36:56.313844448,OPENAT,11044
2022-08-30T19:36:56.313880508,READ,4375
2022-08-30T19:36:56.313888327,READ,2024
2022-08-30T19:36:56.314060891,OPENAT,8946
2022-08-30T19:36:56.314244922,OPENAT,9632
2022-08-30T19:36:56.314279975,READ,4516
2022-08-30T19:36:56.314288396,READ,1956
2022-08-30T19:36:56.314657947,OPENAT,10568
2022-08-30T19:36:56.314694264,READ,5575
2022-08-30T19:36:56.314703213,READ,2043
2022-08-30T19:36:56.314985500,OPENAT,10333
2022-08-30T19:36:56.315030403,READ,10719
2022-08-30T19:36:56.315039621,READ,2089
2022-08-30T19:36:56.315324620,OPENAT,10005
2022-08-30T19:36:56.315361949,READ,4747
2022-08-30T19:36:56.315370652,READ,2050
2022-08-30T19:36:56.317909319,OPENAT,11762
2022-08-30T19:36:56.317952103,READ,9353
2022-08-30T19:36:56.317961783,READ,2138
2022-08-30T19:36:56.318310747,OPENAT,11930
2022-08-30T19:36:56.318345891,READ,4293
2022-08-30T19:36:56.318354927,READ,1993
2022-08-30T19:36:56.318500412,OPENAT,8256
2022-08-30T19:36:56.318638683,OPENAT,9067
2022-08-30T19:36:56.318684131,READ,15013
2022-08-30T19:36:56.318692865,READ,2041
2022-08-30T19:36:56.319047703,OPENAT,10464
2022-08-30T19:36:56.319082812,READ,4355
2022-08-30T19:36:56.319091536,READ,1955
2022-08-30T19:36:56.319237983,OPENAT,7885
2022-08-30T19:36:56.319391543,OPENAT,9063
2022-08-30T19:36:56.319458197,READ,28246
2022-08-30T19:36:56.319467074,READ,2114
2022-08-30T19:36:56.319945156,OPENAT,10639
2022-08-30T19:36:56.319983423,READ,7261
2022-08-30T19:36:56.319992295,READ,2113
2022-08-30T19:36:56.321297266,OPENAT,28228
2022-08-30T19:36:56.321309877,READ,4895
2022-08-30T19:36:56.321606517,OPENAT,11346
2022-08-30T19:36:56.321616845,READ,4595
2022-08-30T19:36:56.324218750,OPENAT,11700
2022-08-30T19:36:56.324336811,READ,76367
2022-08-30T19:36:56.324347059,READ,2325
2022-08-30T19:36:56.325017079,OPENAT,10152
2022-08-30T19:36:56.325064038,READ,6980
2022-08-30T19:36:56.325072399,READ,1898
2022-08-30T19:36:56.328871530,OPENAT,11730
2022-08-30T19:36:56.328909104,READ,5740
2022-08-30T19:36:56.328918124,READ,2020
2022-08-30T19:36:56.329923867,OPENAT,11361
2022-08-30T19:36:56.329983788,READ,10565
2022-08-30T19:36:56.329992800,READ,2148
2022-08-30T19:36:56.331807012,OPENAT,11587
2022-08-30T19:36:56.331844824,READ,8346
2022-08-30T19:36:56.331864466,READ,2118
2022-08-30T19:36:56.333525609,OPENAT,11391
2022-08-30T19:36:56.333580757,READ,23646
2022-08-30T19:36:56.333589633,READ,2075
2022-08-30T19:36:56.335241809,OPENAT,11768
2022-08-30T19:36:56.335289459,READ,7294
2022-08-30T19:36:56.335310117,READ,2031
2022-08-30T19:36:56.336429983,OPENAT,14929
2022-08-30T19:36:56.336478322,READ,6754
2022-08-30T19:36:56.336487940,READ,2039
2022-08-30T19:36:56.337574515,OPENAT,11872
2022-08-30T19:36:56.337630717,READ,11701
2022-08-30T19:36:56.337647441,READ,2144
2022-08-30T19:36:56.338149584,OPENAT,10435
2022-08-30T19:36:56.338186818,READ,6655
2022-08-30T19:36:56.338195197,READ,1969
2022-08-30T19:36:56.338533974,OPENAT,10936
2022-08-30T19:36:56.338571513,READ,6332
2022-08-30T19:36:56.338580685,READ,2078
2022-08-30T19:36:56.338989166,OPENAT,11157
2022-08-30T19:36:56.339027893,READ,6887
2022-08-30T19:36:56.339036924,READ,2122
2022-08-30T19:36:56.340198537,OPENAT,11456
2022-08-30T19:36:56.340237947,READ,7562
2022-08-30T19:36:56.340246978,READ,1989
2022-08-30T19:36:56.340540751,OPENAT,9672
2022-08-30T19:36:56.340575638,READ,4112
2022-08-30T19:36:56.340584326,READ,2001
2022-08-30T19:36:56.340780895,OPENAT,10062
2022-08-30T19:36:56.340791802,READ,4156
2022-08-30T19:36:56.342792554,OPENAT,12169
2022-08-30T19:36:56.342831331,READ,6084
2022-08-30T19:36:56.342840209,READ,2105
2022-08-30T19:36:56.343107536,OPENAT,10506
2022-08-30T19:36:56.343150734,READ,9083
2022-08-30T19:36:56.343159715,READ,2169
2022-08-30T19:36:56.343625012,OPENAT,11209
2022-08-30T19:36:56.343660984,READ,5051
2022-08-30T19:36:56.343669421,READ,2010
2022-08-30T19:36:56.344117560,OPENAT,10797
2022-08-30T19:36:56.344154406,READ,5017
2022-08-30T19:36:56.344163244,READ,2053
2022-08-30T19:36:56.344301777,OPENAT,8399
2022-08-30T19:36:56.344457212,OPENAT,9110
2022-08-30T19:36:56.344514716,READ,24706
2022-08-30T19:36:56.344522460,READ,2064
2022-08-30T19:36:56.344767971,OPENAT,11543
2022-08-30T19:36:56.344779443,READ,4447
2022-08-30T19:36:56.346448306,OPENAT,12393
2022-08-30T19:36:56.346483895,READ,5116
2022-08-30T19:36:56.346493789,READ,2038
2022-08-30T19:36:56.347084323,OPENAT,11712
2022-08-30T19:36:56.347121280,READ,4833
2022-08-30T19:36:56.347129949,READ,2013
2022-08-30T19:36:56.347264424,OPENAT,8775
2022-08-30T19:36:56.347426433,OPENAT,9681
2022-08-30T19:36:56.347481911,READ,22529
2022-08-30T19:36:56.347490051,READ,2162
2022-08-30T19:36:56.347827382,OPENAT,10047
2022-08-30T19:36:56.347864709,READ,6555
2022-08-30T19:36:56.347873613,READ,2065
2022-08-30T19:36:56.348358565,OPENAT,10957
2022-08-30T19:36:56.348415571,READ,22772
2022-08-30T19:36:56.348425747,READ,2178
2022-08-30T19:36:56.348968220,OPENAT,11436
2022-08-30T19:36:56.349030805,READ,26869
2022-08-30T19:36:56.349040016,READ,2196
2022-08-30T19:36:56.349555353,OPENAT,10878
2022-08-30T19:36:56.349610415,READ,9807
2022-08-30T19:36:56.349619531,READ,2111
2022-08-30T19:36:56.350136775,OPENAT,10897
2022-08-30T19:36:56.350219264,READ,46823
2022-08-30T19:36:56.350228399,READ,2131
2022-08-30T19:36:56.350645252,OPENAT,11252
2022-08-30T19:36:56.350692186,READ,12069
2022-08-30T19:36:56.350700539,READ,2103
2022-08-30T19:36:56.351151387,OPENAT,11509
2022-08-30T19:36:56.351223082,READ,30115
2022-08-30T19:36:56.351232934,READ,2218
2022-08-30T19:36:56.351738224,OPENAT,11130
2022-08-30T19:36:56.351783284,READ,5032
2022-08-30T19:36:56.351791944,READ,2025
2022-08-30T19:36:56.351980411,OPENAT,8518
2022-08-30T19:36:56.352143684,OPENAT,9353
2022-08-30T19:36:56.352177517,READ,4307
2022-08-30T19:36:56.352185976,READ,1990
2022-08-30T19:36:56.352334817,OPENAT,11342
2022-08-30T19:36:56.352345804,READ,4261
2022-08-30T19:36:56.353009016,OPENAT,12000
2022-08-30T19:36:56.353021578,READ,4650
2022-08-30T19:36:56.353413273,OPENAT,11803
2022-08-30T19:36:56.353425008,READ,4671
2022-08-30T19:36:56.354511693,OPENAT,11172
2022-08-30T19:36:56.354568892,READ,4930
2022-08-30T19:36:56.354578557,READ,1976
2022-08-30T19:36:56.354821121,OPENAT,9309
2022-08-30T19:36:56.354869257,READ,12784
2022-08-30T19:36:56.354877373,READ,2089
2022-08-30T19:36:56.355194092,OPENAT,10717
2022-08-30T19:36:56.355204514,READ,4321
2022-08-30T19:36:56.355574383,OPENAT,9842
2022-08-30T19:36:56.355611458,READ,4981
2022-08-30T19:36:56.355618956,READ,1957
2022-08-30T19:36:56.355864656,OPENAT,10475
2022-08-30T19:36:56.355876040,READ,4263
2022-08-30T19:36:56.355966453,OPENAT,9027
2022-08-30T19:36:56.355975013,READ,3215
2022-08-30T19:36:56.356681101,OPENAT,10772
2022-08-30T19:36:56.356725181,READ,5426
2022-08-30T19:36:56.356733231,READ,1998
2022-08-30T19:36:56.357047550,OPENAT,10723
2022-08-30T19:36:56.357057340,READ,4212
2022-08-30T19:36:56.357382823,OPENAT,10961
2022-08-30T19:36:56.357394524,READ,4407
2022-08-30T19:36:56.358113913,OPENAT,12610
2022-08-30T19:36:56.358126966,READ,5072
2022-08-30T19:36:56.358553518,OPENAT,12132
2022-08-30T19:36:56.358565111,READ,4614
2022-08-30T19:36:56.358865542,READ,4085
2022-08-30T19:36:56.359475658,OPENAT,12407
2022-08-30T19:36:56.359487564,READ,4768
2022-08-30T19:36:56.359891330,OPENAT,11611
