2022-08-30T19:36:55.585248123,OPENAT,51660
2022-08-30T19:36:55.585617712,OPENAT,5673
2022-08-30T19:36:55.585632596,OPENAT,3102
2022-08-30T19:36:55.585645582,OPENAT,3076
2022-08-30T19:36:55.585658244,OPENAT,2984
2022-08-30T19:36:55.585671655,OPENAT,3330
2022-08-30T19:36:55.585684844,OPENAT,2993
2022-08-30T19:36:55.585697943,OPENAT,3067
2022-08-30T19:36:55.585710280,OPENAT,2984
2022-08-30T19:36:55.585725829,OPENAT,3479
2022-08-30T19:36:55.585738305,OPENAT,2801
2022-08-30T19:36:55.585750339,OPENAT,2773
2022-08-30T19:36:55.585761505,OPENAT,2646
2022-08-30T19:36:55.585773860,OPENAT,2830
2022-08-30T19:36:55.585786000,OPENAT,2685
2022-08-30T19:36:55.585797739,OPENAT,2675
2022-08-30T19:36:55.585809399,OPENAT,2566
2022-08-30T19:36:55.585822009,OPENAT,2924
2022-08-30T19:36:55.585833845,OPENAT,2717
2022-08-30T19:36:55.585845537,OPENAT,2624
2022-08-30T19:36:55.585872358,OPENAT,2619
2022-08-30T19:36:55.585913082,OPENAT,2653
2022-08-30T19:36:55.585923709,OPENAT,2445
2022-08-30T19:36:55.585934626,OPENAT,2432
2022-08-30T19:36:55.585946144,OPENAT,2448
2022-08-30T19:36:55.585961959,OPENAT,5680
2022-08-30T19:36:55.586000574,OPENAT,8984
2022-08-30T19:36:55.586011917,READ,5307
2022-08-30T19:36:55.586075306,OPENAT,3742
2022-08-30T19:36:55.586092002,OPENAT,5971
2022-08-30T19:36:55.586100206,READ,2712
2022-08-30T19:36:55.586156383,OPENAT,3517
2022-08-30T19:36:55.586172049,OPENAT,5956
2022-08-30T19:36:55.586180218,READ,2733
2022-08-30T19:36:55.586235153,OPENAT,3399
2022-08-30T19:36:55.586251347,OPENAT,5802
2022-08-30T19:36:55.586259279,READ,2760
2022-08-30T19:36:55.586302963,OPENAT,3279
2022-08-30T19:36:55.586318659,OPENAT,5513
2022-08-30T19:36:55.586326764,READ,2579
2022-08-30T19:36:55.586370573,OPENAT,3267
2022-08-30T19:36:55.586386249,OPENAT,5432
2022-08-30T19:36:55.586394490,READ,2642
2022-08-30T19:36:55.587058028,OPENAT,6059
2022-08-30T19:36:55.587072276,OPENAT,3094
2022-08-30T19:36:55.587088158,OPENAT,7201
2022-08-30T19:36:55.587125131,OPENAT,6244
2022-08-30T19:36:55.587281314,OPENAT,3250
2022-08-30T19:36:55.587292890,OPENAT,2226
2022-08-30T19:36:55.587408341,OPENAT,5772
2022-08-30T19:36:55.587426770,READ,3603
2022-08-30T19:36:55.591299114,OPENAT,6335
2022-08-30T19:36:55.591626174,OPENAT,8368
2022-08-30T19:36:55.592160508,OPENAT,13502
2022-08-30T19:36:55.592205196,READ,4793
2022-08-30T19:36:55.592213515,READ,1871
2022-08-30T19:36:55.592431300,OPENAT,9202
2022-08-30T19:36:55.592476840,READ,13776
2022-08-30T19:36:55.592484914,READ,1890
2022-08-30T19:36:55.593166812,OPENAT,8398
2022-08-30T19:36:55.593490384,OPENAT,26202
2022-08-30T19:36:55.593529623,READ,4948
2022-08-30T19:36:55.593538114,READ,2086
2022-08-30T19:36:55.593930951,OPENAT,10152
2022-08-30T19:36:55.593978830,READ,4274
2022-08-30T19:36:55.593986220,READ,1930
2022-08-30T19:36:55.594707956,OPENAT,10601
2022-08-30T19:36:55.594794390,READ,4407
2022-08-30T19:36:55.594802650,READ,1946
2022-08-30T19:36:55.595182531,OPENAT,10042
2022-08-30T19:36:55.595223408,READ,4294
2022-08-30T19:36:55.595231634,READ,1894
2022-08-30T19:36:55.595416990,OPENAT,9070
2022-08-30T19:36:55.595454655,READ,4385
2022-08-30T19:36:55.595462600,READ,1869
2022-08-30T19:36:55.596237781,OPENAT,9585
2022-08-30T19:36:55.596286602,READ,11978
2022-08-30T19:36:55.596294911,READ,1892
2022-08-30T19:36:55.596618855,OPENAT,9725
2022-08-30T19:36:55.596667000,READ,14640
2022-08-30T19:36:55.596675807,READ,1950
2022-08-30T19:36:55.597118005,OPENAT,9588
2022-08-30T19:36:55.597153176,READ,4619
2022-08-30T19:36:55.597161447,READ,1873
2022-08-30T19:36:55.597627704,OPENAT,10080
2022-08-30T19:36:55.597704886,READ,7082
2022-08-30T19:36:55.597712807,READ,2180
2022-08-30T19:36:55.599249762,OPENAT,10499
2022-08-30T19:36:55.599286802,READ,5537
2022-08-30T19:36:55.599295548,READ,2136
2022-08-30T19:36:55.599558093,OPENAT,9655
2022-08-30T19:36:55.599592861,READ,4279
2022-08-30T19:36:55.599601174,READ,2071
2022-08-30T19:36:55.600242461,OPENAT,10010
2022-08-30T19:36:55.600277730,READ,4664
2022-08-30T19:36:55.600285764,READ,2026
2022-08-30T19:36:55.600602058,OPENAT,8720
2022-08-30T19:36:55.600865948,OPENAT,9554
2022-08-30T19:36:55.601024480,OPENAT,8599
2022-08-30T19:36:55.601059576,READ,4744
2022-08-30T19:36:55.601067855,READ,2045
2022-08-30T19:36:55.601245297,READ,5183
2022-08-30T19:36:55.601527661,READ,4799
2022-08-30T19:36:55.601722871,OPENAT,8479
2022-08-30T19:36:55.601933333,OPENAT,6665
2022-08-30T19:36:55.602316521,OPENAT,7239
2022-08-30T19:36:55.602355338,READ,4287
2022-08-30T19:36:55.602389873,READ,2786
2022-08-30T19:36:55.602397694,READ,1720
2022-08-30T19:36:55.602490371,OPENAT,5693
2022-08-30T19:36:55.602525291,READ,3450
2022-08-30T19:36:55.602549429,READ,2302
2022-08-30T19:36:55.603127139,READ,3416
2022-08-30T19:36:55.603141616,READ,1926
2022-08-30T19:36:55.603744199,OPENAT,7789
2022-08-30T19:36:55.604056561,OPENAT,9562
2022-08-30T19:36:55.604104753,READ,13440
2022-08-30T19:36:55.604127437,READ,1985
2022-08-30T19:36:55.604438821,OPENAT,9713
2022-08-30T19:36:55.604486834,READ,6349
2022-08-30T19:36:55.604506065,READ,2121
2022-08-30T19:36:55.604869084,OPENAT,9831
2022-08-30T19:36:55.604916589,READ,13796
2022-08-30T19:36:55.604941602,READ,2241
2022-08-30T19:36:55.605523681,OPENAT,14595
2022-08-30T19:36:55.605560023,READ,5359
2022-08-30T19:36:55.605568274,READ,2058
2022-08-30T19:36:55.606088411,OPENAT,9956
2022-08-30T19:36:55.606123527,READ,4398
2022-08-30T19:36:55.606131833,READ,1967
2022-08-30T19:36:55.606356885,OPENAT,9079
2022-08-30T19:36:55.606391029,READ,5192
2022-08-30T19:36:55.606399415,READ,1939
2022-08-30T19:36:55.606619368,OPENAT,9754
2022-08-30T19:36:55.606629771,READ,4078
2022-08-30T19:36:55.607160625,OPENAT,10137
2022-08-30T19:36:55.607197433,READ,4900
2022-08-30T19:36:55.607206278,READ,1995
2022-08-30T19:36:55.608041164,OPENAT,16787
2022-08-30T19:36:55.608105032,READ,11771
2022-08-30T19:36:55.608113367,READ,1909
2022-08-30T19:36:55.608418863,OPENAT,9553
2022-08-30T19:36:55.608475924,READ,24903
2022-08-30T19:36:55.608484712,READ,2001
2022-08-30T19:36:55.609560432,OPENAT,9738
2022-08-30T19:36:55.609596116,READ,5152
2022-08-30T19:36:55.609604254,READ,1889
2022-08-30T19:36:55.610585667,OPENAT,10161
2022-08-30T19:36:55.610631038,READ,5987
2022-08-30T19:36:55.610649859,READ,2025
2022-08-30T19:36:55.611061715,OPENAT,9782
2022-08-30T19:36:55.611119132,READ,16546
2022-08-30T19:36:55.611127927,READ,2100
2022-08-30T19:36:55.611498777,OPENAT,9551
2022-08-30T19:36:55.611534322,READ,4781
2022-08-30T19:36:55.611542534,READ,2022
2022-08-30T19:36:55.612320360,OPENAT,10236
2022-08-30T19:36:55.612375094,READ,17894
2022-08-30T19:36:55.612383616,READ,2043
2022-08-30T19:36:55.613658178,OPENAT,9853
2022-08-30T19:36:55.613691765,READ,4756
2022-08-30T19:36:55.613699513,READ,1877
2022-08-30T19:36:55.617339958,OPENAT,10443
2022-08-30T19:36:55.617400958,READ,8418
2022-08-30T19:36:55.617409969,READ,2118
2022-08-30T19:36:55.619582248,OPENAT,10171
2022-08-30T19:36:55.619628163,READ,11572
2022-08-30T19:36:55.619636497,READ,1918
2022-08-30T19:36:55.619993494,OPENAT,10572
2022-08-30T19:36:55.620004726,READ,4443
2022-08-30T19:36:55.620086090,OPENAT,5316
2022-08-30T19:36:55.620104558,OPENAT,7135
2022-08-30T19:36:55.620118511,OPENAT,3428
2022-08-30T19:36:55.620131759,OPENAT,3215
2022-08-30T19:36:55.620146032,OPENAT,3491
2022-08-30T19:36:55.620159340,OPENAT,3280
2022-08-30T19:36:55.620188418,OPENAT,18875
2022-08-30T19:36:55.620206733,OPENAT,8196
2022-08-30T19:36:55.620231319,READ,18520
2022-08-30T19:36:55.620661709,OPENAT,9498
2022-08-30T19:36:55.620695514,READ,4054
2022-08-30T19:36:55.620703378,READ,1810
2022-08-30T19:36:55.620871902,OPENAT,9581
2022-08-30T19:36:55.620881936,READ,3766
2022-08-30T19:36:55.621914692,OPENAT,8107
2022-08-30T19:36:55.622061643,OPENAT,9052
2022-08-30T19:36:55.622101005,READ,4275
2022-08-30T19:36:55.622122546,READ,1854
2022-08-30T19:36:55.622466774,OPENAT,8417
2022-08-30T19:36:55.622692306,OPENAT,24524
2022-08-30T19:36:55.622762623,READ,34170
2022-08-30T19:36:55.622771377,READ,2100
2022-08-30T19:36:55.623093846,OPENAT,9889
2022-08-30T19:36:55.623129277,READ,4093
2022-08-30T19:36:55.623137347,READ,1893
2022-08-30T19:36:55.623309126,OPENAT,7329
2022-08-30T19:36:55.623440897,OPENAT,8253
2022-08-30T19:36:55.623476221,READ,3551
2022-08-30T19:36:55.623483778,READ,1814
2022-08-30T19:36:55.623662437,OPENAT,9379
2022-08-30T19:36:55.623672703,READ,3820
2022-08-30T19:36:55.624016393,OPENAT,9201
2022-08-30T19:36:55.624058525,READ,4944
2022-08-30T19:36:55.624066891,READ,1975
2022-08-30T19:36:55.624348233,OPENAT,8677
2022-08-30T19:36:55.624405835,READ,17396
2022-08-30T19:36:55.624426788,READ,1983
2022-08-30T19:36:55.624965328,OPENAT,13533
2022-08-30T19:36:55.625017127,READ,4903
2022-08-30T19:36:55.625025393,READ,2014
2022-08-30T19:36:55.625659713,OPENAT,10281
2022-08-30T19:36:55.625670710,READ,4292
2022-08-30T19:36:55.626155830,OPENAT,9379
2022-08-30T19:36:55.626244604,READ,49973
2022-08-30T19:36:55.626253446,READ,2115
2022-08-30T19:36:55.627035362,OPENAT,10262
2022-08-30T19:36:55.627076547,READ,6424
2022-08-30T19:36:55.627085394,READ,2068
2022-08-30T19:36:55.629667482,OPENAT,9880
2022-08-30T19:36:55.629713222,READ,9339
2022-08-30T19:36:55.629721328,READ,1919
2022-08-30T19:36:55.630120595,OPENAT,11142
2022-08-30T19:36:55.630174723,READ,8054
2022-08-30T19:36:55.630182942,READ,1930
2022-08-30T19:36:55.630529444,OPENAT,9737
2022-08-30T19:36:55.630562924,READ,4446
2022-08-30T19:36:55.630571838,READ,2063
2022-08-30T19:36:55.630852614,OPENAT,9462
2022-08-30T19:36:55.630895091,READ,9581
2022-08-30T19:36:55.630903769,READ,2064
2022-08-30T19:36:55.631435008,OPENAT,9646
2022-08-30T19:36:55.631482683,READ,4434
2022-08-30T19:36:55.631490429,READ,1781
2022-08-30T19:36:55.633229001,OPENAT,11355
2022-08-30T19:36:55.633269650,READ,4890
2022-08-30T19:36:55.633278102,READ,1951
2022-08-30T19:36:55.633503688,OPENAT,9356
2022-08-30T19:36:55.633590139,READ,33508
2022-08-30T19:36:55.633599513,READ,2176
2022-08-30T19:36:55.634348047,OPENAT,9707
2022-08-30T19:36:55.634392128,READ,5586
2022-08-30T19:36:55.634400509,READ,1945
2022-08-30T19:36:55.634856611,OPENAT,27109
2022-08-30T19:36:55.634896126,READ,4808
2022-08-30T19:36:55.634904783,READ,1959
2022-08-30T19:36:55.635206491,OPENAT,10721
2022-08-30T19:36:55.635217951,READ,4352
2022-08-30T19:36:55.636019643,OPENAT,10805
2022-08-30T19:36:55.636056593,READ,4879
2022-08-30T19:36:55.636063943,READ,2008
2022-08-30T19:36:55.636226142,OPENAT,7853
2022-08-30T19:36:55.636371979,OPENAT,13930
2022-08-30T19:36:55.636436694,READ,4078
2022-08-30T19:36:55.636444902,READ,1865
2022-08-30T19:36:55.638081408,OPENAT,10245
2022-08-30T19:36:55.638131567,READ,6729
2022-08-30T19:36:55.638140387,READ,1984
2022-08-30T19:36:55.638515853,OPENAT,10178
2022-08-30T19:36:55.638570334,READ,19807
2022-08-30T19:36:55.638578140,READ,2043
2022-08-30T19:36:55.639034855,OPENAT,10039
2022-08-30T19:36:55.639070981,READ,4461
2022-08-30T19:36:55.639079499,READ,1958
2022-08-30T19:36:55.639408184,OPENAT,10512
2022-08-30T19:36:55.639435547,READ,4365
2022-08-30T19:36:55.639508065,OPENAT,9047
2022-08-30T19:36:55.639517033,READ,2927
2022-08-30T19:36:55.639843035,OPENAT,9742
2022-08-30T19:36:55.639878224,READ,5094
2022-08-30T19:36:55.639886659,READ,1880
2022-08-30T19:36:55.640185370,OPENAT,9569
2022-08-30T19:36:55.640221027,READ,4658
2022-08-30T19:36:55.640228730,READ,2137
2022-08-30T19:36:55.640579768,OPENAT,10395
2022-08-30T19:36:55.640589370,READ,4078
2022-08-30T19:36:55.641061838,OPENAT,10113
2022-08-30T19:36:55.641098442,READ,5350
2022-08-30T19:36:55.641107013,READ,1955
2022-08-30T19:36:55.641374581,OPENAT,9744
2022-08-30T19:36:55.641383966,READ,4025
2022-08-30T19:36:55.641478572,OPENAT,9460
2022-08-30T19:36:55.641487939,READ,3022
2022-08-30T19:36:55.641940766,OPENAT,10437
2022-08-30T19:36:55.641951643,READ,4267
2022-08-30T19:36:55.642582296,OPENAT,10436
2022-08-30T19:36:55.642650636,READ,23726
2022-08-30T19:36:55.642659496,READ,1982
2022-08-30T19:36:55.643044492,OPENAT,9813
2022-08-30T19:36:55.643080438,READ,4284
2022-08-30T19:36:55.643088609,READ,1971
2022-08-30T19:36:55.643294095,OPENAT,10230
2022-08-30T19:36:55.643313575,READ,4024
2022-08-30T19:36:55.643578514,OPENAT,14416
2022-08-30T19:36:55.643588482,READ,4245
2022-08-30T19:36:55.643868794,OPENAT,9826
2022-08-30T19:36:55.643896939,READ,4227
2022-08-30T19:36:55.644164378,OPENAT,8517
2022-08-30T19:36:55.644191854,READ,16187
2022-08-30T19:36:55.644382573,OPENAT,9066
2022-08-30T19:36:55.644426467,READ,9748
2022-08-30T19:36:55.644434170,READ,2069
2022-08-30T19:36:55.645229729,OPENAT,11103
2022-08-30T19:36:55.645281872,READ,4318
2022-08-30T19:36:55.645289981,READ,1890
2022-08-30T19:36:55.645540204,OPENAT,9610
2022-08-30T19:36:55.645605082,READ,25512
2022-08-30T19:36:55.645613026,READ,2188
2022-08-30T19:36:55.646125538,OPENAT,10383
2022-08-30T19:36:55.646163607,READ,4824
2022-08-30T19:36:55.646172379,READ,1970
2022-08-30T19:36:55.647747500,OPENAT,11037
2022-08-30T19:36:55.647759913,READ,4810
2022-08-30T19:36:55.648035531,OPENAT,10134
2022-08-30T19:36:55.648047169,READ,4297
2022-08-30T19:36:55.648374795,OPENAT,9296
2022-08-30T19:36:55.648411348,READ,5783
2022-08-30T19:36:55.648419632,READ,1985
2022-08-30T19:36:55.650159418,OPENAT,9324
2022-08-30T19:36:55.651334987,READ,195721
2022-08-30T19:36:55.651934747,READ,522445
2022-08-30T19:36:55.651950218,READ,2877
2022-08-30T19:36:55.652266278,OPENAT,13997
2022-08-30T19:36:55.652279024,READ,4281
2022-08-30T19:36:55.652352288,OPENAT,5255
2022-08-30T19:36:55.652366662,OPENAT,4008
2022-08-30T19:36:55.652379198,OPENAT,3424
2022-08-30T19:36:55.652392938,OPENAT,3366
2022-08-30T19:36:55.652406636,OPENAT,3441
2022-08-30T19:36:55.652419579,OPENAT,3282
2022-08-30T19:36:55.652437639,OPENAT,7640
2022-08-30T19:36:55.652451505,OPENAT,3566
2022-08-30T19:36:55.652466688,OPENAT,4155
2022-08-30T19:36:55.652480682,OPENAT,3639
2022-08-30T19:36:55.652494743,OPENAT,3618
2022-08-30T19:36:55.652508663,OPENAT,3599
2022-08-30T19:36:55.652522840,OPENAT,3761
2022-08-30T19:36:55.652536728,OPENAT,3544
2022-08-30T19:36:55.652550804,OPENAT,3609
2022-08-30T19:36:55.652566948,OPENAT,6851
2022-08-30T19:36:55.652574992,READ,3263
2022-08-30T19:36:55.652661813,OPENAT,21402
2022-08-30T19:36:55.652675443,OPENAT,7059
2022-08-30T19:36:55.652684454,READ,3191
2022-08-30T19:36:55.652747729,OPENAT,4593
2022-08-30T19:36:55.652760754,OPENAT,6657
2022-08-30T19:36:55.652769576,READ,2863
2022-08-30T19:36:55.652780789,READ,2070
2022-08-30T19:36:55.652850608,OPENAT,4594
2022-08-30T19:36:55.652865643,OPENAT,8703
2022-08-30T19:36:55.652875526,READ,3158
2022-08-30T19:36:55.652886811,READ,2343
2022-08-30T19:36:55.652902570,READ,2211
2022-08-30T19:36:55.652980785,OPENAT,4674
2022-08-30T19:36:55.652995063,OPENAT,7692
2022-08-30T19:36:55.653004016,READ,2949
2022-08-30T19:36:55.653014113,READ,2204
2022-08-30T19:36:55.653032038,READ,2166
2022-08-30T19:36:55.653093731,OPENAT,4581
2022-08-30T19:36:55.653107586,OPENAT,7625
2022-08-30T19:36:55.653116661,READ,2908
2022-08-30T19:36:55.653127940,READ,2236
2022-08-30T19:36:55.653145625,READ,2185
2022-08-30T19:36:55.653238680,OPENAT,19780
2022-08-30T19:36:55.653252134,OPENAT,7108
2022-08-30T19:36:55.653260769,READ,2719
2022-08-30T19:36:55.653271067,READ,1959
2022-08-30T19:36:55.653288722,READ,1991
2022-08-30T19:36:55.653339516,OPENAT,4199
2022-08-30T19:36:55.653352905,OPENAT,6978
2022-08-30T19:36:55.653361470,READ,2726
2022-08-30T19:36:55.653371795,READ,1981
2022-08-30T19:36:55.653386769,READ,2003
2022-08-30T19:36:55.653440746,OPENAT,7498
2022-08-30T19:36:55.653453972,OPENAT,6961
2022-08-30T19:36:55.653462694,READ,2660
2022-08-30T19:36:55.653538712,OPENAT,8288
2022-08-30T19:36:55.653547507,READ,2823
2022-08-30T19:36:55.653623426,OPENAT,14511
2022-08-30T19:36:55.653632220,READ,2677
2022-08-30T19:36:55.653697765,OPENAT,7965
2022-08-30T19:36:55.653706929,READ,3013
2022-08-30T19:36:55.653717586,READ,2128
2022-08-30T19:36:55.653735246,READ,2107
2022-08-30T19:36:55.669304050,OPENAT,11752
2022-08-30T19:36:55.669449902,OPENAT,3880
2022-08-30T19:36:55.669459215,OPENAT,1964
2022-08-30T19:36:55.672341133,OPENAT,12697
2022-08-30T19:36:55.672352236,READ,5070
2022-08-30T19:36:55.672426660,OPENAT,5036
2022-08-30T19:36:55.672442653,OPENAT,3670
2022-08-30T19:36:55.672455627,OPENAT,3468
2022-08-30T19:36:55.672468688,OPENAT,3312
2022-08-30T19:36:55.672481385,OPENAT,3548
2022-08-30T19:36:55.672493449,OPENAT,3247
2022-08-30T19:36:55.672506884,OPENAT,3533
2022-08-30T19:36:55.672534363,OPENAT,3616
2022-08-30T19:36:55.672552644,OPENAT,6850
2022-08-30T19:36:55.672561003,READ,3379
2022-08-30T19:36:55.672636786,OPENAT,8181
2022-08-30T19:36:55.672644611,READ,2752
2022-08-30T19:36:55.672704987,OPENAT,7599
2022-08-30T19:36:55.672713838,READ,2814
2022-08-30T19:36:55.672789037,OPENAT,7968
2022-08-30T19:36:55.672812236,READ,2965
2022-08-30T19:36:55.672882730,OPENAT,7575
2022-08-30T19:36:55.672891181,READ,2840
2022-08-30T19:36:55.672965791,OPENAT,8139
2022-08-30T19:36:55.672973616,READ,2776
2022-08-30T19:36:55.673028839,OPENAT,7357
2022-08-30T19:36:55.673037277,READ,2652
2022-08-30T19:36:55.673048103,READ,1880
2022-08-30T19:36:55.673167779,OPENAT,5133
2022-08-30T19:36:55.673199939,OPENAT,25898
2022-08-30T19:36:55.673209401,READ,3448
2022-08-30T19:36:55.673220681,READ,2297
2022-08-30T19:36:55.673243961,READ,2367
2022-08-30T19:36:55.673307900,OPENAT,4990
2022-08-30T19:36:55.673322712,OPENAT,8236
2022-08-30T19:36:55.673331711,READ,2999
2022-08-30T19:36:55.673342751,READ,2264
2022-08-30T19:36:55.673359024,READ,2367
2022-08-30T19:36:56.102477695,OPENAT,9385
2022-08-30T19:36:56.102494960,OPENAT,2388
2022-08-30T19:36:56.168810956,OPENAT,21293
2022-08-30T19:36:56.168848017,READ,26923
2022-08-30T19:36:56.168870231,READ,1804
2022-08-30T19:36:56.168907495,OPENAT,8101
2022-08-30T19:36:56.168918286,READ,4191
2022-08-30T19:36:56.168938521,READ,1624
2022-08-30T19:36:56.168956552,OPENAT,6183
2022-08-30T19:36:56.168979981,READ,3328
2022-08-30T19:36:56.168987676,READ,1597
2022-08-30T19:36:56.169007066,OPENAT,6118
2022-08-30T19:36:56.169032619,READ,19365
2022-08-30T19:36:56.169039900,READ,1544
2022-08-30T19:36:56.169057315,OPENAT,5731
2022-08-30T19:36:56.169065479,READ,3158
2022-08-30T19:36:56.169071869,READ,1540
2022-08-30T19:36:56.170680575,OPENAT,1596094
2022-08-30T19:36:56.170724083,READ,37277
2022-08-30T19:36:56.170749311,READ,15254
2022-08-30T19:36:56.170770917,READ,14720
2022-08-30T19:36:56.170791851,READ,14446
2022-08-30T19:36:56.170812426,READ,14272
2022-08-30T19:36:56.170845482,READ,14428
2022-08-30T19:36:56.170865897,READ,14286
2022-08-30T19:36:56.170886465,READ,14372
2022-08-30T19:36:56.170906891,READ,14185
2022-08-30T19:36:56.170932961,READ,19781
2022-08-30T19:36:56.170953492,READ,14392
2022-08-30T19:36:56.170975397,READ,14312
2022-08-30T19:36:56.171021659,READ,13820
2022-08-30T19:36:56.171059103,READ,14207
2022-08-30T19:36:56.171080051,READ,14250
2022-08-30T19:36:56.171100783,READ,14366
2022-08-30T19:36:56.171121699,READ,14239
2022-08-30T19:36:56.171143080,READ,14264
2022-08-30T19:36:56.171163732,READ,14228
2022-08-30T19:36:56.171184800,READ,14269
2022-08-30T19:36:56.171205567,READ,14221
2022-08-30T19:36:56.171231568,READ,14236
2022-08-30T19:36:56.171266004,READ,14387
2022-08-30T19:36:56.171286253,READ,14600
2022-08-30T19:36:56.171306304,READ,14290
2022-08-30T19:36:56.171340412,READ,14218
2022-08-30T19:36:56.171364524,READ,14324
2022-08-30T19:36:56.171384984,READ,14202
2022-08-30T19:36:56.171405823,READ,14168
2022-08-30T19:36:56.171426396,READ,14194
2022-08-30T19:36:56.171447109,READ,14211
2022-08-30T19:36:56.171467776,READ,14376
2022-08-30T19:36:56.171488945,READ,14409
2022-08-30T19:36:56.171509707,READ,14263
2022-08-30T19:36:56.171530581,READ,14239
2022-08-30T19:36:56.171550979,READ,14267
2022-08-30T19:36:56.171572429,READ,14282
2022-08-30T19:36:56.171594009,READ,14203
2022-08-30T19:36:56.171614542,READ,14203
2022-08-30T19:36:56.171634829,READ,14258
2022-08-30T19:36:56.171656385,READ,14363
2022-08-30T19:36:56.171677815,READ,14329
2022-08-30T19:36:56.171698789,READ,14329
2022-08-30T19:36:56.171719353,READ,14207
2022-08-30T19:36:56.171740434,READ,14243
2022-08-30T19:36:56.171761245,READ,14243
2022-08-30T19:36:56.171782161,READ,14234
2022-08-30T19:36:56.171803248,READ,14180
2022-08-30T19:36:56.171823863,READ,14429
2022-08-30T19:36:56.171844917,READ,14289
2022-08-30T19:36:56.171865645,READ,14199
2022-08-30T19:36:56.171886466,READ,14161
2022-08-30T19:36:56.171906985,READ,14186
2022-08-30T19:36:56.171927345,READ,14182
2022-08-30T19:36:56.171947941,READ,14247
2022-08-30T19:36:56.171968206,READ,14149
2022-08-30T19:36:56.171989999,READ,14255
2022-08-30T19:36:56.172010533,READ,14285
2022-08-30T19:36:56.172033093,READ,14331
2022-08-30T19:36:56.172054117,READ,14233
2022-08-30T19:36:56.172074812,READ,14229
2022-08-30T19:36:56.172095436,READ,14185
2022-08-30T19:36:56.172116323,READ,14190
2022-08-30T19:36:56.172137504,READ,14229
2022-08-30T19:36:56.172158308,READ,14286
2022-08-30T19:36:56.172195564,READ,30590
2022-08-30T19:36:56.172216274,READ,13821
2022-08-30T19:36:56.172236502,READ,13862
2022-08-30T19:36:56.172255867,READ,13739
2022-08-30T19:36:56.172275589,READ,13709
2022-08-30T19:36:56.172313580,READ,14247
2022-08-30T19:36:56.172334107,READ,14202
2022-08-30T19:36:56.172354643,READ,14224
2022-08-30T19:36:56.172387977,READ,14206
2022-08-30T19:36:56.172408270,READ,14224
2022-08-30T19:36:56.172429221,READ,14372
2022-08-30T19:36:56.172449739,READ,14268
2022-08-30T19:36:56.172470327,READ,14168
2022-08-30T19:36:56.172491007,READ,14253
2022-08-30T19:36:56.172499544,READ,1836
2022-08-30T19:36:56.172507952,READ,1701
2022-08-30T19:36:56.248568685,OPENAT,2430102
2022-08-30T19:36:56.248621467,READ,32500
2022-08-30T19:36:56.248650248,READ,16613
2022-08-30T19:36:56.248671802,READ,15019
2022-08-30T19:36:56.248692925,READ,14707
2022-08-30T19:36:56.248700225,READ,1738
2022-08-30T19:36:56.248720617,READ,14534
2022-08-30T19:36:56.248741193,READ,14592
2022-08-30T19:36:56.248761959,READ,14585
2022-08-30T19:36:56.248768904,READ,1717
2022-08-30T19:36:56.248804249,READ,30101
2022-08-30T19:36:56.248841160,READ,30750
2022-08-30T19:36:56.248886894,READ,13792
2022-08-30T19:36:56.248894522,READ,1717
2022-08-30T19:36:56.248913712,READ,13771
2022-08-30T19:36:56.248933189,READ,13817
2022-08-30T19:36:56.248952753,READ,13740
2022-08-30T19:36:56.248960297,READ,1669
2022-08-30T19:36:56.248979372,READ,13843
2022-08-30T19:36:56.248998911,READ,13819
2022-08-30T19:36:56.249018667,READ,13806
2022-08-30T19:36:56.249025922,READ,1632
2022-08-30T19:36:56.249044723,READ,13802
2022-08-30T19:36:56.249063849,READ,13668
2022-08-30T19:36:56.249083340,READ,13694
2022-08-30T19:36:56.249090610,READ,1732
2022-08-30T19:36:56.249109098,READ,13685
2022-08-30T19:36:56.249128559,READ,13705
2022-08-30T19:36:56.249148137,READ,13745
2022-08-30T19:36:56.249155544,READ,1658
2022-08-30T19:36:56.249174536,READ,13689
2022-08-30T19:36:56.249194090,READ,13692
2022-08-30T19:36:56.249213973,READ,13914
2022-08-30T19:36:56.249221600,READ,1711
2022-08-30T19:36:56.249240678,READ,13669
2022-08-30T19:36:56.249260438,READ,13821
2022-08-30T19:36:56.249280153,READ,13873
2022-08-30T19:36:56.249300041,READ,13735
2022-08-30T19:36:56.249307162,READ,1723
2022-08-30T19:36:56.249326696,READ,13791
2022-08-30T19:36:56.249345913,READ,13649
2022-08-30T19:36:56.249365418,READ,13656
2022-08-30T19:36:56.249373089,READ,1638
2022-08-30T19:36:56.249392223,READ,13794
2022-08-30T19:36:56.249412098,READ,13812
2022-08-30T19:36:56.249432046,READ,13798
2022-08-30T19:36:56.249439955,READ,1694
2022-08-30T19:36:56.249459943,READ,13799
2022-08-30T19:36:56.249479559,READ,13762
2022-08-30T19:36:56.249499219,READ,13719
2022-08-30T19:36:56.249506145,READ,1647
2022-08-30T19:36:56.249525488,READ,13695
2022-08-30T19:36:56.249545247,READ,13781
2022-08-30T19:36:56.249565092,READ,13814
2022-08-30T19:36:56.249572171,READ,1714
2022-08-30T19:36:56.249606725,READ,29474
2022-08-30T19:36:56.249644318,READ,13945
2022-08-30T19:36:56.249664367,READ,13746
2022-08-30T19:36:56.249672137,READ,1763
2022-08-30T19:36:56.249691104,READ,13775
2022-08-30T19:36:56.249710529,READ,13768
2022-08-30T19:36:56.249730112,READ,13715
2022-08-30T19:36:56.249737623,READ,1678
2022-08-30T19:36:56.249757220,READ,13665
2022-08-30T19:36:56.249776777,READ,13671
2022-08-30T19:36:56.249797055,READ,13682
2022-08-30T19:36:56.249805512,READ,1730
2022-08-30T19:36:56.249825109,READ,13771
2022-08-30T19:36:56.249845200,READ,13626
2022-08-30T19:36:56.249866390,READ,13653
2022-08-30T19:36:56.249886109,READ,13725
2022-08-30T19:36:56.249893141,READ,1759
2022-08-30T19:36:56.249912177,READ,13694
2022-08-30T19:36:56.249943492,READ,13727
2022-08-30T19:36:56.249963774,READ,14026
2022-08-30T19:36:56.249970595,READ,1671
2022-08-30T19:36:56.249990235,READ,13726
2022-08-30T19:36:56.250009905,READ,13811
2022-08-30T19:36:56.250029358,READ,13669
2022-08-30T19:36:56.250036412,READ,1704
2022-08-30T19:36:56.250055518,READ,13692
2022-08-30T19:36:56.250075233,READ,13792
2022-08-30T19:36:56.250094695,READ,13707
2022-08-30T19:36:56.250102121,READ,1718
2022-08-30T19:36:56.250121111,READ,13778
2022-08-30T19:36:56.250151890,READ,13654
2022-08-30T19:36:56.250187213,READ,13323
2022-08-30T19:36:56.250193754,READ,1626
2022-08-30T19:36:56.250212115,READ,13182
2022-08-30T19:36:56.250231495,READ,13244
2022-08-30T19:36:56.250255840,READ,13309
2022-08-30T19:36:56.250279895,READ,18735
2022-08-30T19:36:56.250298763,READ,13758
2022-08-30T19:36:56.250318367,READ,13816
2022-08-30T19:36:56.250350654,READ,13778
2022-08-30T19:36:56.250358598,READ,1882
2022-08-30T19:36:56.250388836,READ,13803
2022-08-30T19:36:56.250418724,READ,13747
2022-08-30T19:36:56.250446010,READ,13702
2022-08-30T19:36:56.250482070,READ,1643
2022-08-30T19:36:56.250500577,READ,13758
2022-08-30T19:36:56.250524584,READ,13686
2022-08-30T19:36:56.250562931,READ,29280
2022-08-30T19:36:56.250571149,READ,1714
2022-08-30T19:36:56.250604962,READ,28920
2022-08-30T19:36:56.250624846,READ,12871
2022-08-30T19:36:56.250632693,READ,1606
2022-08-30T19:36:56.250639220,READ,1603
2022-08-30T19:36:56.260915528,OPENAT,11989
2022-08-30T19:36:56.260928706,READ,3946
2022-08-30T19:36:56.261400996,OPENAT,10717
2022-08-30T19:36:56.261450513,READ,7513
2022-08-30T19:36:56.261458935,READ,1885
2022-08-30T19:36:56.261749717,OPENAT,8891
2022-08-30T19:36:56.261950375,OPENAT,9531
2022-08-30T19:36:56.261992743,READ,4843
2022-08-30T19:36:56.262001389,READ,2043
2022-08-30T19:36:56.262373177,OPENAT,10614
2022-08-30T19:36:56.262408023,READ,4652
2022-08-30T19:36:56.262416961,READ,2101
2022-08-30T19:36:56.262659616,OPENAT,10414
2022-08-30T19:36:56.262696564,READ,4385
2022-08-30T19:36:56.262708213,READ,1967
2022-08-30T19:36:56.262908224,OPENAT,10835
2022-08-30T19:36:56.262949263,READ,4675
2022-08-30T19:36:56.262970127,READ,2122
2022-08-30T19:36:56.263246172,OPENAT,10306
2022-08-30T19:36:56.263288168,READ,4132
2022-08-30T19:36:56.263296490,READ,1968
2022-08-30T19:36:56.263487556,OPENAT,8361
2022-08-30T19:36:56.263598645,OPENAT,10343
2022-08-30T19:36:56.263609497,READ,4438
2022-08-30T19:36:56.263700605,OPENAT,5680
2022-08-30T19:36:56.263715527,OPENAT,3666
2022-08-30T19:36:56.263729748,OPENAT,3565
2022-08-30T19:36:56.263760392,OPENAT,3690
2022-08-30T19:36:56.263774618,OPENAT,3812
2022-08-30T19:36:56.263788900,OPENAT,3678
2022-08-30T19:36:56.263803029,OPENAT,3729
2022-08-30T19:36:56.263820750,OPENAT,7502
2022-08-30T19:36:56.263830277,READ,3362
2022-08-30T19:36:56.264679546,OPENAT,15324
2022-08-30T19:36:56.264691794,READ,4723
2022-08-30T19:36:56.265256157,OPENAT,10030
2022-08-30T19:36:56.265352554,READ,15840
2022-08-30T19:36:56.265361489,READ,1877
2022-08-30T19:36:56.265915695,OPENAT,9620
2022-08-30T19:36:56.265950259,READ,4514
2022-08-30T19:36:56.265958109,READ,1915
2022-08-30T19:36:56.267238783,OPENAT,11663
2022-08-30T19:36:56.267280965,READ,5013
2022-08-30T19:36:56.267289571,READ,2000
2022-08-30T19:36:56.267543322,OPENAT,8107
2022-08-30T19:36:56.267712796,OPENAT,9364
2022-08-30T19:36:56.267772395,READ,23842
2022-08-30T19:36:56.267779856,READ,2066
2022-08-30T19:36:56.268113340,OPENAT,10226
2022-08-30T19:36:56.268148909,READ,4901
2022-08-30T19:36:56.268157012,READ,2013
2022-08-30T19:36:56.268424547,OPENAT,10544
2022-08-30T19:36:56.268435121,READ,4351
2022-08-30T19:36:56.269137045,OPENAT,9608
2022-08-30T19:36:56.269205504,READ,33543
2022-08-30T19:36:56.269213932,READ,2001
2022-08-30T19:36:56.270375828,OPENAT,11365
2022-08-30T19:36:56.270388197,READ,4750
2022-08-30T19:36:56.272316998,OPENAT,11981
2022-08-30T19:36:56.272355839,READ,5074
2022-08-30T19:36:56.272364633,READ,2010
2022-08-30T19:36:56.272521543,OPENAT,8105
2022-08-30T19:36:56.272686220,OPENAT,9986
2022-08-30T19:36:56.272726196,READ,7037
2022-08-30T19:36:56.272735792,READ,2057
2022-08-30T19:36:56.272994106,OPENAT,9913
2022-08-30T19:36:56.273028687,READ,4703
2022-08-30T19:36:56.273036512,READ,1856
2022-08-30T19:36:56.273297456,OPENAT,9665
2022-08-30T19:36:56.273355218,READ,24283
2022-08-30T19:36:56.273363545,READ,2062
2022-08-30T19:36:56.273919388,OPENAT,9983
2022-08-30T19:36:56.273956549,READ,5827
2022-08-30T19:36:56.273964735,READ,2019
2022-08-30T19:36:56.274936205,OPENAT,22008
2022-08-30T19:36:56.274987983,READ,4770
2022-08-30T19:36:56.274996752,READ,2024
2022-08-30T19:36:56.275244932,OPENAT,7894
2022-08-30T19:36:56.275388208,OPENAT,10487
2022-08-30T19:36:56.275425429,READ,7719
2022-08-30T19:36:56.275433103,READ,1881
2022-08-30T19:36:56.277626535,OPENAT,10841
2022-08-30T19:36:56.277687888,READ,26570
2022-08-30T19:36:56.277701882,READ,2041
2022-08-30T19:36:56.278357299,OPENAT,10074
2022-08-30T19:36:56.278391814,READ,4720
2022-08-30T19:36:56.278399854,READ,1956
2022-08-30T19:36:56.278768012,OPENAT,10493
2022-08-30T19:36:56.278778941,READ,4252
2022-08-30T19:36:56.283927814,OPENAT,12154
2022-08-30T19:36:56.283963336,READ,5097
2022-08-30T19:36:56.283972462,READ,1926
2022-08-30T19:36:56.284279125,OPENAT,10559
2022-08-30T19:36:56.284315356,READ,5988
2022-08-30T19:36:56.284323940,READ,2119
2022-08-30T19:36:56.284641340,OPENAT,10026
2022-08-30T19:36:56.284676194,READ,5417
2022-08-30T19:36:56.284684272,READ,1948
2022-08-30T19:36:56.285247273,OPENAT,11348
2022-08-30T19:36:56.285314594,READ,4610
2022-08-30T19:36:56.285322794,READ,2028
2022-08-30T19:36:56.285601383,OPENAT,10288
2022-08-30T19:36:56.285636592,READ,4939
2022-08-30T19:36:56.285657382,READ,2124
2022-08-30T19:36:56.285955778,OPENAT,10092
2022-08-30T19:36:56.285992513,READ,4870
2022-08-30T19:36:56.285999743,READ,1955
2022-08-30T19:36:56.287014059,OPENAT,11183
2022-08-30T19:36:56.287095942,READ,43802
2022-08-30T19:36:56.287105235,READ,2241
2022-08-30T19:36:56.287641123,OPENAT,10795
2022-08-30T19:36:56.287682513,READ,7331
2022-08-30T19:36:56.287691770,READ,2091
2022-08-30T19:36:56.288028282,OPENAT,10106
2022-08-30T19:36:56.288062817,READ,5090
2022-08-30T19:36:56.288069893,READ,1993
2022-08-30T19:36:56.288324704,OPENAT,10791
2022-08-30T19:36:56.288423551,READ,64302
2022-08-30T19:36:56.288432198,READ,2281
2022-08-30T19:36:56.288918491,OPENAT,14358
2022-08-30T19:36:56.289058219,READ,5573
2022-08-30T19:36:56.289067034,READ,2008
2022-08-30T19:36:56.289363929,OPENAT,10384
2022-08-30T19:36:56.289397793,READ,4707
2022-08-30T19:36:56.289405640,READ,1994
2022-08-30T19:36:56.294876886,OPENAT,11520
2022-08-30T19:36:56.294937389,READ,6472
2022-08-30T19:36:56.294963766,READ,2202
2022-08-30T19:36:56.297179477,OPENAT,11256
2022-08-30T19:36:56.297220224,READ,10346
2022-08-30T19:36:56.297228751,READ,2043
2022-08-30T19:36:56.298724585,OPENAT,11584
2022-08-30T19:36:56.298815275,READ,47919
2022-08-30T19:36:56.298824705,READ,2239
2022-08-30T19:36:56.303999630,OPENAT,11187
2022-08-30T19:36:56.304057895,READ,7849
2022-08-30T19:36:56.304066885,READ,2080
2022-08-30T19:36:56.304578801,OPENAT,10672
2022-08-30T19:36:56.304614651,READ,5393
2022-08-30T19:36:56.304622659,READ,1944
2022-08-30T19:36:56.304950036,OPENAT,10738
2022-08-30T19:36:56.305028256,READ,25942
2022-08-30T19:36:56.305036618,READ,2034
2022-08-30T19:36:56.305847710,OPENAT,17210
2022-08-30T19:36:56.305897648,READ,5176
2022-08-30T19:36:56.305905683,READ,1820
2022-08-30T19:36:56.306204282,OPENAT,10519
2022-08-30T19:36:56.306246922,READ,7797
2022-08-30T19:36:56.306255456,READ,2043
2022-08-30T19:36:56.306706086,OPENAT,10501
2022-08-30T19:36:56.306758052,READ,19731
2022-08-30T19:36:56.306783477,READ,2202
2022-08-30T19:36:56.307518654,OPENAT,10832
2022-08-30T19:36:56.307702513,READ,141145
2022-08-30T19:36:56.307713105,READ,2588
2022-08-30T19:36:56.309016798,OPENAT,12394
2022-08-30T19:36:56.309028034,READ,5051
2022-08-30T19:36:56.310458575,OPENAT,11111
2022-08-30T19:36:56.310496284,READ,5089
2022-08-30T19:36:56.310505031,READ,2044
2022-08-30T19:36:56.310736978,OPENAT,10373
2022-08-30T19:36:56.310773174,READ,6496
2022-08-30T19:36:56.310781341,READ,2039
2022-08-30T19:36:56.311189352,OPENAT,10100
2022-08-30T19:36:56.311226417,READ,6072
2022-08-30T19:36:56.311234795,READ,1974
2022-08-30T19:36:56.314130309,OPENAT,16420
2022-08-30T19:36:56.314184645,READ,5488
2022-08-30T19:36:56.314192098,READ,2021
2022-08-30T19:36:56.314758442,OPENAT,10519
2022-08-30T19:36:56.314794433,READ,4557
2022-08-30T19:36:56.314802615,READ,1888
2022-08-30T19:36:56.314996052,OPENAT,8560
2022-08-30T19:36:56.315163513,OPENAT,9637
2022-08-30T19:36:56.315199083,READ,4943
2022-08-30T19:36:56.315207507,READ,1973
2022-08-30T19:36:56.315568379,OPENAT,10236
2022-08-30T19:36:56.315603800,READ,5685
2022-08-30T19:36:56.315611784,READ,2000
2022-08-30T19:36:56.315827225,OPENAT,10152
2022-08-30T19:36:56.315870059,READ,10688
2022-08-30T19:36:56.315878403,READ,1989
2022-08-30T19:36:56.316164582,OPENAT,11933
2022-08-30T19:36:56.316209073,READ,4660
2022-08-30T19:36:56.316217764,READ,2073
2022-08-30T19:36:56.318817839,OPENAT,11305
2022-08-30T19:36:56.318879367,READ,25925
2022-08-30T19:36:56.318888483,READ,2183
2022-08-30T19:36:56.319257279,OPENAT,10623
2022-08-30T19:36:56.319290987,READ,4434
2022-08-30T19:36:56.319299901,READ,1917
2022-08-30T19:36:56.319429153,OPENAT,8203
2022-08-30T19:36:56.319567748,OPENAT,8935
2022-08-30T19:36:56.319612243,READ,15466
2022-08-30T19:36:56.319620742,READ,2043
2022-08-30T19:36:56.319962336,OPENAT,10215
2022-08-30T19:36:56.319997219,READ,4480
2022-08-30T19:36:56.320005194,READ,1949
2022-08-30T19:36:56.320139231,OPENAT,8162
2022-08-30T19:36:56.320295070,OPENAT,8992
2022-08-30T19:36:56.320382624,READ,33074
2022-08-30T19:36:56.320392028,READ,2149
2022-08-30T19:36:56.320876867,OPENAT,9803
2022-08-30T19:36:56.320913246,READ,6999
2022-08-30T19:36:56.320921585,READ,1954
2022-08-30T19:36:56.322226573,OPENAT,12026
2022-08-30T19:36:56.322238872,READ,4904
2022-08-30T19:36:56.322541225,OPENAT,22291
2022-08-30T19:36:56.322552666,READ,4787
2022-08-30T19:36:56.325196057,OPENAT,11080
2022-08-30T19:36:56.325348069,READ,109461
2022-08-30T19:36:56.325358608,READ,2620
2022-08-30T19:36:56.325986620,OPENAT,10493
2022-08-30T19:36:56.326024625,READ,7702
2022-08-30T19:36:56.326032754,READ,2016
2022-08-30T19:36:56.330039622,OPENAT,11547
2022-08-30T19:36:56.330078757,READ,5892
2022-08-30T19:36:56.330087352,READ,2129
2022-08-30T19:36:56.331142740,OPENAT,11824
2022-08-30T19:36:56.331186489,READ,10823
2022-08-30T19:36:56.331194549,READ,2093
2022-08-30T19:36:56.333057205,OPENAT,11836
2022-08-30T19:36:56.333098155,READ,8528
2022-08-30T19:36:56.333109625,READ,2153
2022-08-30T19:36:56.334841329,OPENAT,23694
2022-08-30T19:36:56.334896900,READ,24858
2022-08-30T19:36:56.334908928,READ,2174
2022-08-30T19:36:56.336596184,OPENAT,11527
2022-08-30T19:36:56.336635388,READ,7407
2022-08-30T19:36:56.336644012,READ,1986
2022-08-30T19:36:56.337789047,OPENAT,11439
2022-08-30T19:36:56.337829167,READ,7190
2022-08-30T19:36:56.337838330,READ,2150
2022-08-30T19:36:56.338988999,OPENAT,11851
2022-08-30T19:36:56.339034425,READ,12094
2022-08-30T19:36:56.339042358,READ,2084
2022-08-30T19:36:56.339550827,OPENAT,10551
2022-08-30T19:36:56.339588791,READ,6898
2022-08-30T19:36:56.339597404,READ,1973
2022-08-30T19:36:56.339942068,OPENAT,11182
2022-08-30T19:36:56.339980219,READ,6400
2022-08-30T19:36:56.339988799,READ,2104
2022-08-30T19:36:56.340368501,OPENAT,10418
2022-08-30T19:36:56.340426280,READ,7281
2022-08-30T19:36:56.340434661,READ,2042
2022-08-30T19:36:56.341602742,OPENAT,11355
2022-08-30T19:36:56.341642097,READ,8110
2022-08-30T19:36:56.341664550,READ,2008
2022-08-30T19:36:56.341966586,OPENAT,10045
2022-08-30T19:36:56.342001081,READ,4386
2022-08-30T19:36:56.342009422,READ,1997
2022-08-30T19:36:56.342197057,OPENAT,10810
2022-08-30T19:36:56.342208416,READ,4301
2022-08-30T19:36:56.344272728,OPENAT,12575
2022-08-30T19:36:56.344310561,READ,5816
2022-08-30T19:36:56.344319455,READ,2136
2022-08-30T19:36:56.344583038,OPENAT,10741
2022-08-30T19:36:56.344625774,READ,9107
2022-08-30T19:36:56.344634148,READ,2025
2022-08-30T19:36:56.345100097,OPENAT,26917
2022-08-30T19:36:56.345137111,READ,4891
2022-08-30T19:36:56.345145246,READ,1947
2022-08-30T19:36:56.345577453,OPENAT,19221
2022-08-30T19:36:56.345626860,READ,5176
2022-08-30T19:36:56.345635871,READ,2072
2022-08-30T19:36:56.345777547,OPENAT,9039
2022-08-30T19:36:56.345926819,OPENAT,9810
2022-08-30T19:36:56.345989775,READ,28762
2022-08-30T19:36:56.345998892,READ,2145
2022-08-30T19:36:56.346272436,OPENAT,11539
2022-08-30T19:36:56.346283972,READ,4671
2022-08-30T19:36:56.347985808,OPENAT,11474
2022-08-30T19:36:56.348023991,READ,5514
2022-08-30T19:36:56.348033474,READ,2038
2022-08-30T19:36:56.348538487,OPENAT,11443
2022-08-30T19:36:56.348576664,READ,4777
2022-08-30T19:36:56.348585019,READ,1987
2022-08-30T19:36:56.348718092,OPENAT,8501
2022-08-30T19:36:56.348871769,OPENAT,10267
2022-08-30T19:36:56.348943209,READ,22831
2022-08-30T19:36:56.348952054,READ,2192
2022-08-30T19:36:56.349272192,OPENAT,9944
2022-08-30T19:36:56.349308589,READ,6608
2022-08-30T19:36:56.349316792,READ,2034
2022-08-30T19:36:56.349832777,OPENAT,11318
2022-08-30T19:36:56.349889820,READ,22235
2022-08-30T19:36:56.349898745,READ,2166
2022-08-30T19:36:56.350477893,OPENAT,11338
2022-08-30T19:36:56.350541387,READ,21449
2022-08-30T19:36:56.350550352,READ,2176
2022-08-30T19:36:56.351048759,OPENAT,11133
2022-08-30T19:36:56.351090445,READ,9795
2022-08-30T19:36:56.351099187,READ,2110
2022-08-30T19:36:56.351646917,OPENAT,10999
2022-08-30T19:36:56.351729815,READ,47691
2022-08-30T19:36:56.351739119,READ,2228
2022-08-30T19:36:56.352172525,OPENAT,11060
2022-08-30T19:36:56.352221600,READ,11959
2022-08-30T19:36:56.352230613,READ,2139
2022-08-30T19:36:56.352690196,OPENAT,11323
2022-08-30T19:36:56.352761306,READ,30370
2022-08-30T19:36:56.352770278,READ,2138
2022-08-30T19:36:56.353239726,OPENAT,11394
2022-08-30T19:36:56.353287423,READ,5284
2022-08-30T19:36:56.353294979,READ,2007
2022-08-30T19:36:56.353523507,OPENAT,8838
2022-08-30T19:36:56.353688671,OPENAT,9769
2022-08-30T19:36:56.353722030,READ,4202
2022-08-30T19:36:56.353729511,READ,1961
2022-08-30T19:36:56.353877055,OPENAT,11013
2022-08-30T19:36:56.353888479,READ,4348
2022-08-30T19:36:56.354488596,OPENAT,11888
2022-08-30T19:36:56.354500713,READ,4929
2022-08-30T19:36:56.354920831,OPENAT,11328
2022-08-30T19:36:56.354939320,READ,4864
2022-08-30T19:36:56.356018989,OPENAT,11377
2022-08-30T19:36:56.356062605,READ,5100
2022-08-30T19:36:56.356071573,READ,1966
2022-08-30T19:36:56.356324202,OPENAT,9242
2022-08-30T19:36:56.356376484,READ,17146
2022-08-30T19:36:56.356384474,READ,1837
2022-08-30T19:36:56.356712528,OPENAT,11319
2022-08-30T19:36:56.356723623,READ,4505
2022-08-30T19:36:56.357106207,OPENAT,9789
2022-08-30T19:36:56.357158635,READ,4918
2022-08-30T19:36:56.357166664,READ,1853
2022-08-30T19:36:56.357425569,OPENAT,10696
2022-08-30T19:36:56.357436587,READ,4497
2022-08-30T19:36:56.357542943,OPENAT,8154
2022-08-30T19:36:56.357552182,READ,3090
2022-08-30T19:36:56.358235435,OPENAT,10312
2022-08-30T19:36:56.358277303,READ,5274
2022-08-30T19:36:56.358303660,READ,2073
2022-08-30T19:36:56.358635445,OPENAT,11175
2022-08-30T19:36:56.358646707,READ,4466
2022-08-30T19:36:56.358988682,OPENAT,15647
2022-08-30T19:36:56.359000592,READ,4592
2022-08-30T19:36:56.359715265,OPENAT,11790
2022-08-30T19:36:56.359727355,READ,4879
2022-08-30T19:36:56.360163836,OPENAT,10875
2022-08-30T19:36:56.360175452,READ,4505
2022-08-30T19:36:56.360441721,READ,4344
2022-08-30T19:36:56.361071401,OPENAT,11345
2022-08-30T19:36:56.361083078,READ,4582
2022-08-30T19:36:56.361443696,OPENAT,11327
