2022-08-30T19:36:55.584364691,OPENAT,32704
2022-08-30T19:36:55.584741857,OPENAT,5363
2022-08-30T19:36:55.584756220,OPENAT,2933
2022-08-30T19:36:55.584769044,OPENAT,2880
2022-08-30T19:36:55.584781119,OPENAT,2747
2022-08-30T19:36:55.584794330,OPENAT,3140
2022-08-30T19:36:55.584819543,OPENAT,2769
2022-08-30T19:36:55.584831816,OPENAT,2854
2022-08-30T19:36:55.584843152,OPENAT,2802
2022-08-30T19:36:55.584856907,OPENAT,3538
2022-08-30T19:36:55.584884792,OPENAT,2675
2022-08-30T19:36:55.584896296,OPENAT,2627
2022-08-30T19:36:55.584907131,OPENAT,2544
2022-08-30T19:36:55.584919016,OPENAT,2987
2022-08-30T19:36:55.584947758,OPENAT,2695
2022-08-30T19:36:55.584959991,OPENAT,2672
2022-08-30T19:36:55.584971006,OPENAT,2534
2022-08-30T19:36:55.584983035,OPENAT,2910
2022-08-30T19:36:55.584995384,OPENAT,2762
2022-08-30T19:36:55.585020097,OPENAT,2648
2022-08-30T19:36:55.585044776,OPENAT,2536
2022-08-30T19:36:55.585057315,OPENAT,2723
2022-08-30T19:36:55.585069815,OPENAT,2731
2022-08-30T19:36:55.585082950,OPENAT,2620
2022-08-30T19:36:55.585094295,OPENAT,2572
2022-08-30T19:36:55.585109815,OPENAT,5956
2022-08-30T19:36:55.585148277,OPENAT,8218
2022-08-30T19:36:55.585164957,READ,5287
2022-08-30T19:36:55.585251201,OPENAT,4116
2022-08-30T19:36:55.585269478,OPENAT,6475
2022-08-30T19:36:55.585277680,READ,2822
2022-08-30T19:36:55.585335921,OPENAT,3746
2022-08-30T19:36:55.585353062,OPENAT,6600
2022-08-30T19:36:55.585360791,READ,2766
2022-08-30T19:36:55.585407351,OPENAT,3643
2022-08-30T19:36:55.585424238,OPENAT,6287
2022-08-30T19:36:55.585431988,READ,2751
2022-08-30T19:36:55.585479059,OPENAT,3582
2022-08-30T19:36:55.585512823,OPENAT,23476
2022-08-30T19:36:55.585521681,READ,2852
2022-08-30T19:36:55.585568490,OPENAT,3594
2022-08-30T19:36:55.585585832,OPENAT,6325
2022-08-30T19:36:55.585593967,READ,2827
2022-08-30T19:36:55.586212977,OPENAT,5851
2022-08-30T19:36:55.586226584,OPENAT,3007
2022-08-30T19:36:55.586241941,OPENAT,7152
2022-08-30T19:36:55.586276307,OPENAT,6100
2022-08-30T19:36:55.586415943,OPENAT,3403
2022-08-30T19:36:55.586427087,OPENAT,2338
2022-08-30T19:36:55.586527299,OPENAT,5863
2022-08-30T19:36:55.586545432,READ,3462
2022-08-30T19:36:55.590405524,OPENAT,6508
2022-08-30T19:36:55.590731297,OPENAT,8278
2022-08-30T19:36:55.591299516,OPENAT,10814
2022-08-30T19:36:55.591344994,READ,4831
2022-08-30T19:36:55.591353677,READ,1908
2022-08-30T19:36:55.591613761,OPENAT,10176
2022-08-30T19:36:55.591661889,READ,14754
2022-08-30T19:36:55.591671101,READ,2123
2022-08-30T19:36:55.592307171,OPENAT,8401
2022-08-30T19:36:55.592594112,OPENAT,9513
2022-08-30T19:36:55.592651915,READ,4987
2022-08-30T19:36:55.592660245,READ,1981
2022-08-30T19:36:55.593087872,OPENAT,10259
2022-08-30T19:36:55.593124766,READ,4364
2022-08-30T19:36:55.593132939,READ,1827
2022-08-30T19:36:55.593833594,OPENAT,10593
2022-08-30T19:36:55.593871527,READ,4510
2022-08-30T19:36:55.593879210,READ,1944
2022-08-30T19:36:55.594245561,OPENAT,9795
2022-08-30T19:36:55.594304690,READ,20019
2022-08-30T19:36:55.594312895,READ,1836
2022-08-30T19:36:55.594514165,OPENAT,9277
2022-08-30T19:36:55.594552211,READ,4603
2022-08-30T19:36:55.594560411,READ,1922
2022-08-30T19:36:55.595354418,OPENAT,10393
2022-08-30T19:36:55.595403813,READ,11566
2022-08-30T19:36:55.595412792,READ,2032
2022-08-30T19:36:55.595704220,OPENAT,9712
2022-08-30T19:36:55.595787667,READ,14473
2022-08-30T19:36:55.595795156,READ,1857
2022-08-30T19:36:55.596208816,OPENAT,9572
2022-08-30T19:36:55.596244875,READ,4509
2022-08-30T19:36:55.596253157,READ,1897
2022-08-30T19:36:55.596772090,OPENAT,10395
2022-08-30T19:36:55.596826765,READ,22762
2022-08-30T19:36:55.596835748,READ,2205
2022-08-30T19:36:55.598412834,OPENAT,10822
2022-08-30T19:36:55.598450981,READ,5600
2022-08-30T19:36:55.598459757,READ,2146
2022-08-30T19:36:55.598726959,OPENAT,9985
2022-08-30T19:36:55.598760069,READ,4177
2022-08-30T19:36:55.598768654,READ,2031
2022-08-30T19:36:55.599410679,OPENAT,11010
2022-08-30T19:36:55.599459624,READ,4948
2022-08-30T19:36:55.599481230,READ,2114
2022-08-30T19:36:55.599801595,OPENAT,8804
2022-08-30T19:36:55.600093689,OPENAT,9611
2022-08-30T19:36:55.600251735,OPENAT,9197
2022-08-30T19:36:55.600286871,READ,4492
2022-08-30T19:36:55.600294049,READ,1957
2022-08-30T19:36:55.600469853,READ,4820
2022-08-30T19:36:55.600761146,READ,4414
2022-08-30T19:36:55.600955603,OPENAT,8781
2022-08-30T19:36:55.601137733,OPENAT,7279
2022-08-30T19:36:55.601541045,OPENAT,7731
2022-08-30T19:36:55.601578596,READ,4158
2022-08-30T19:36:55.601617497,READ,2931
2022-08-30T19:36:55.601624716,READ,1706
2022-08-30T19:36:55.601702518,OPENAT,6364
2022-08-30T19:36:55.601754454,READ,19329
2022-08-30T19:36:55.601779244,READ,2384
2022-08-30T19:36:55.602347187,READ,3352
2022-08-30T19:36:55.602361742,READ,1958
2022-08-30T19:36:55.602982571,OPENAT,8023
2022-08-30T19:36:55.603319463,OPENAT,10848
2022-08-30T19:36:55.603369379,READ,13470
2022-08-30T19:36:55.603378305,READ,2117
2022-08-30T19:36:55.603680644,OPENAT,10283
2022-08-30T19:36:55.603721982,READ,6641
2022-08-30T19:36:55.603730966,READ,2100
2022-08-30T19:36:55.604099515,OPENAT,12624
2022-08-30T19:36:55.604158317,READ,13872
2022-08-30T19:36:55.604167231,READ,2052
2022-08-30T19:36:55.604790738,OPENAT,15012
2022-08-30T19:36:55.604832220,READ,5480
2022-08-30T19:36:55.604839666,READ,1970
2022-08-30T19:36:55.605351226,OPENAT,10150
2022-08-30T19:36:55.605385269,READ,4339
2022-08-30T19:36:55.605392720,READ,1963
2022-08-30T19:36:55.605625012,OPENAT,24760
2022-08-30T19:36:55.605659165,READ,5128
2022-08-30T19:36:55.605668397,READ,1948
2022-08-30T19:36:55.605909134,OPENAT,10407
2022-08-30T19:36:55.605920284,READ,4006
2022-08-30T19:36:55.606434616,OPENAT,9902
2022-08-30T19:36:55.606470206,READ,4568
2022-08-30T19:36:55.606477426,READ,1867
2022-08-30T19:36:55.607305566,OPENAT,10476
2022-08-30T19:36:55.607355128,READ,11730
2022-08-30T19:36:55.607364376,READ,2046
2022-08-30T19:36:55.607634939,OPENAT,9761
2022-08-30T19:36:55.607699246,READ,14851
2022-08-30T19:36:55.607725598,READ,19558
2022-08-30T19:36:55.608846089,OPENAT,10411
2022-08-30T19:36:55.608882272,READ,5194
2022-08-30T19:36:55.608890729,READ,2034
2022-08-30T19:36:55.609863436,OPENAT,10676
2022-08-30T19:36:55.609901175,READ,6122
2022-08-30T19:36:55.609910073,READ,2172
2022-08-30T19:36:55.610304313,OPENAT,9721
2022-08-30T19:36:55.610359299,READ,15387
2022-08-30T19:36:55.610367829,READ,2008
2022-08-30T19:36:55.610734394,OPENAT,9752
2022-08-30T19:36:55.610769578,READ,4726
2022-08-30T19:36:55.610778159,READ,2053
2022-08-30T19:36:55.611606989,OPENAT,10266
2022-08-30T19:36:55.611660676,READ,17736
2022-08-30T19:36:55.611669013,READ,2045
2022-08-30T19:36:55.613224495,OPENAT,10626
2022-08-30T19:36:55.613259692,READ,5194
2022-08-30T19:36:55.613268049,READ,1970
2022-08-30T19:36:55.616895753,OPENAT,10451
2022-08-30T19:36:55.616945138,READ,13874
2022-08-30T19:36:55.616953805,READ,1972
2022-08-30T19:36:55.619112959,OPENAT,11042
2022-08-30T19:36:55.619174823,READ,11906
2022-08-30T19:36:55.619182547,READ,2090
2022-08-30T19:36:55.619544062,OPENAT,10151
2022-08-30T19:36:55.619554917,READ,4214
2022-08-30T19:36:55.619628574,OPENAT,7296
2022-08-30T19:36:55.619642649,OPENAT,3260
2022-08-30T19:36:55.619655304,OPENAT,3109
2022-08-30T19:36:55.619667730,OPENAT,3030
2022-08-30T19:36:55.619680656,OPENAT,3397
2022-08-30T19:36:55.619693234,OPENAT,3058
2022-08-30T19:36:55.619705661,OPENAT,3116
2022-08-30T19:36:55.619722866,OPENAT,7848
2022-08-30T19:36:55.619731705,READ,3082
2022-08-30T19:36:55.620244860,OPENAT,9662
2022-08-30T19:36:55.620278936,READ,4115
2022-08-30T19:36:55.620287073,READ,1845
2022-08-30T19:36:55.620458721,OPENAT,9717
2022-08-30T19:36:55.620469514,READ,4009
2022-08-30T19:36:55.621437943,OPENAT,8598
2022-08-30T19:36:55.621590786,OPENAT,9592
2022-08-30T19:36:55.621644454,READ,4766
2022-08-30T19:36:55.621653144,READ,1997
2022-08-30T19:36:55.621988247,OPENAT,8537
2022-08-30T19:36:55.622187116,OPENAT,27106
2022-08-30T19:36:55.622232684,READ,9790
2022-08-30T19:36:55.622258286,READ,19184
2022-08-30T19:36:55.622579245,OPENAT,10299
2022-08-30T19:36:55.622612783,READ,4123
2022-08-30T19:36:55.622632218,READ,1790
2022-08-30T19:36:55.622808236,OPENAT,7654
2022-08-30T19:36:55.622971315,OPENAT,9982
2022-08-30T19:36:55.623022573,READ,3987
2022-08-30T19:36:55.623030837,READ,1940
2022-08-30T19:36:55.623228341,OPENAT,10261
2022-08-30T19:36:55.623239574,READ,4182
2022-08-30T19:36:55.623573534,OPENAT,9122
2022-08-30T19:36:55.623612901,READ,4888
2022-08-30T19:36:55.623620888,READ,1864
2022-08-30T19:36:55.623910000,OPENAT,13575
2022-08-30T19:36:55.623966176,READ,17350
2022-08-30T19:36:55.623974898,READ,2144
2022-08-30T19:36:55.624564666,OPENAT,9757
2022-08-30T19:36:55.624599331,READ,4961
2022-08-30T19:36:55.624607346,READ,1939
2022-08-30T19:36:55.625221168,OPENAT,11110
2022-08-30T19:36:55.625233215,READ,4673
2022-08-30T19:36:55.625671136,OPENAT,9481
2022-08-30T19:36:55.625762364,READ,34334
2022-08-30T19:36:55.625771315,READ,2078
2022-08-30T19:36:55.626532926,OPENAT,10008
2022-08-30T19:36:55.626577720,READ,12372
2022-08-30T19:36:55.626586829,READ,2106
2022-08-30T19:36:55.629219180,OPENAT,10567
2022-08-30T19:36:55.629296572,READ,25374
2022-08-30T19:36:55.629315670,READ,1981
2022-08-30T19:36:55.629683822,OPENAT,9533
2022-08-30T19:36:55.629724938,READ,8273
2022-08-30T19:36:55.629734877,READ,2048
2022-08-30T19:36:55.630043073,OPENAT,9404
2022-08-30T19:36:55.630081004,READ,4138
2022-08-30T19:36:55.630088996,READ,1919
2022-08-30T19:36:55.630356624,OPENAT,9336
2022-08-30T19:36:55.630411146,READ,18827
2022-08-30T19:36:55.630420107,READ,2115
2022-08-30T19:36:55.630923525,OPENAT,11763
2022-08-30T19:36:55.630973640,READ,4614
2022-08-30T19:36:55.630987562,READ,1971
2022-08-30T19:36:55.632767336,OPENAT,11640
2022-08-30T19:36:55.632809542,READ,5113
2022-08-30T19:36:55.632818343,READ,2092
2022-08-30T19:36:55.633039042,OPENAT,9365
2022-08-30T19:36:55.633106883,READ,31597
2022-08-30T19:36:55.633116462,READ,2153
2022-08-30T19:36:55.633830727,OPENAT,9816
2022-08-30T19:36:55.633868502,READ,5532
2022-08-30T19:36:55.633877310,READ,1962
2022-08-30T19:36:55.634368658,OPENAT,9863
2022-08-30T19:36:55.634407349,READ,4711
2022-08-30T19:36:55.634415697,READ,1994
2022-08-30T19:36:55.634708937,OPENAT,10497
2022-08-30T19:36:55.634719557,READ,4112
2022-08-30T19:36:55.635513835,OPENAT,10498
2022-08-30T19:36:55.635557670,READ,4598
2022-08-30T19:36:55.635565965,READ,1879
2022-08-30T19:36:55.635724623,OPENAT,12383
2022-08-30T19:36:55.635896824,OPENAT,9613
2022-08-30T19:36:55.635932244,READ,4316
2022-08-30T19:36:55.635940645,READ,2085
2022-08-30T19:36:55.637589329,OPENAT,11006
2022-08-30T19:36:55.637643059,READ,6659
2022-08-30T19:36:55.637651706,READ,1986
2022-08-30T19:36:55.638016859,OPENAT,9574
2022-08-30T19:36:55.638068118,READ,19071
2022-08-30T19:36:55.638076573,READ,2015
2022-08-30T19:36:55.638533358,OPENAT,10191
2022-08-30T19:36:55.638569015,READ,4421
2022-08-30T19:36:55.638577495,READ,2044
2022-08-30T19:36:55.638886238,OPENAT,10648
2022-08-30T19:36:55.638898013,READ,4304
2022-08-30T19:36:55.639002585,OPENAT,9940
2022-08-30T19:36:55.639012501,READ,3270
2022-08-30T19:36:55.639367382,OPENAT,9481
2022-08-30T19:36:55.639402431,READ,5007
2022-08-30T19:36:55.639411726,READ,1986
2022-08-30T19:36:55.639700781,OPENAT,9305
2022-08-30T19:36:55.639735220,READ,4486
2022-08-30T19:36:55.639743501,READ,2009
2022-08-30T19:36:55.640078739,OPENAT,10518
2022-08-30T19:36:55.640088185,READ,4050
2022-08-30T19:36:55.640574902,OPENAT,9787
2022-08-30T19:36:55.640611852,READ,5349
2022-08-30T19:36:55.640620123,READ,1920
2022-08-30T19:36:55.640896168,OPENAT,10541
2022-08-30T19:36:55.640907162,READ,4296
2022-08-30T19:36:55.640979622,OPENAT,9484
2022-08-30T19:36:55.640988764,READ,3019
2022-08-30T19:36:55.641479038,OPENAT,11767
2022-08-30T19:36:55.641489445,READ,4175
2022-08-30T19:36:55.642087293,OPENAT,10467
2022-08-30T19:36:55.642142850,READ,18657
2022-08-30T19:36:55.642151757,READ,2011
2022-08-30T19:36:55.642506276,OPENAT,9923
2022-08-30T19:36:55.642556431,READ,4315
2022-08-30T19:36:55.642569168,READ,1880
2022-08-30T19:36:55.642785672,OPENAT,14626
2022-08-30T19:36:55.642796420,READ,4162
2022-08-30T19:36:55.643084863,OPENAT,10675
2022-08-30T19:36:55.643095820,READ,4172
2022-08-30T19:36:55.643382337,OPENAT,10060
2022-08-30T19:36:55.643393440,READ,4117
2022-08-30T19:36:55.643598910,OPENAT,8538
2022-08-30T19:36:55.643625500,READ,16081
2022-08-30T19:36:55.643834407,OPENAT,9097
2022-08-30T19:36:55.643910488,READ,40961
2022-08-30T19:36:55.643918279,READ,2020
2022-08-30T19:36:55.644729412,OPENAT,11043
2022-08-30T19:36:55.644763050,READ,4458
2022-08-30T19:36:55.644771994,READ,1929
2022-08-30T19:36:55.645025477,OPENAT,9944
2022-08-30T19:36:55.645091149,READ,25048
2022-08-30T19:36:55.645100604,READ,2184
2022-08-30T19:36:55.645627385,OPENAT,10128
2022-08-30T19:36:55.645661671,READ,4454
2022-08-30T19:36:55.645670970,READ,2002
2022-08-30T19:36:55.647188437,OPENAT,11825
2022-08-30T19:36:55.647213849,READ,4968
2022-08-30T19:36:55.647526705,OPENAT,10341
2022-08-30T19:36:55.647537826,READ,4319
2022-08-30T19:36:55.647867120,OPENAT,9392
2022-08-30T19:36:55.647901984,READ,5817
2022-08-30T19:36:55.647928538,READ,2179
2022-08-30T19:36:55.649467843,OPENAT,9187
2022-08-30T19:36:55.650657959,READ,173923
2022-08-30T19:36:55.651266158,READ,519544
2022-08-30T19:36:55.651290147,READ,2905
2022-08-30T19:36:55.651610937,OPENAT,14582
2022-08-30T19:36:55.651623702,READ,4325
2022-08-30T19:36:55.651713379,OPENAT,5565
2022-08-30T19:36:55.651728305,OPENAT,3551
2022-08-30T19:36:55.651741801,OPENAT,3474
2022-08-30T19:36:55.651755709,OPENAT,3364
2022-08-30T19:36:55.651769449,OPENAT,3456
2022-08-30T19:36:55.651799791,OPENAT,20427
2022-08-30T19:36:55.651813995,OPENAT,3716
2022-08-30T19:36:55.651828115,OPENAT,3708
2022-08-30T19:36:55.651844437,OPENAT,4181
2022-08-30T19:36:55.651859022,OPENAT,3947
2022-08-30T19:36:55.651873734,OPENAT,3905
2022-08-30T19:36:55.651888623,OPENAT,3895
2022-08-30T19:36:55.651903609,OPENAT,3975
2022-08-30T19:36:55.651917969,OPENAT,3764
2022-08-30T19:36:55.651932599,OPENAT,3915
2022-08-30T19:36:55.651950325,OPENAT,7359
2022-08-30T19:36:55.651959890,READ,3555
2022-08-30T19:36:55.652033069,OPENAT,4840
2022-08-30T19:36:55.652046432,OPENAT,7017
2022-08-30T19:36:55.652055933,READ,3256
2022-08-30T19:36:55.652134253,OPENAT,4492
2022-08-30T19:36:55.652147354,OPENAT,6624
2022-08-30T19:36:55.652156323,READ,2850
2022-08-30T19:36:55.652167514,READ,1999
2022-08-30T19:36:55.652234676,OPENAT,4374
2022-08-30T19:36:55.652249474,OPENAT,8448
2022-08-30T19:36:55.652258899,READ,3083
2022-08-30T19:36:55.652270096,READ,2211
2022-08-30T19:36:55.652285320,READ,2106
2022-08-30T19:36:55.652347453,OPENAT,4432
2022-08-30T19:36:55.652361471,OPENAT,7702
2022-08-30T19:36:55.652370154,READ,2922
2022-08-30T19:36:55.652380760,READ,2129
2022-08-30T19:36:55.652396777,READ,2061
2022-08-30T19:36:55.652458171,OPENAT,4843
2022-08-30T19:36:55.652471475,OPENAT,7970
2022-08-30T19:36:55.652479818,READ,2876
2022-08-30T19:36:55.652490599,READ,2118
2022-08-30T19:36:55.652507351,READ,2089
2022-08-30T19:36:55.652565534,OPENAT,4441
2022-08-30T19:36:55.652579117,OPENAT,7826
2022-08-30T19:36:55.652587958,READ,2811
2022-08-30T19:36:55.652598495,READ,2069
2022-08-30T19:36:55.652616663,READ,2081
2022-08-30T19:36:55.652685035,OPENAT,4681
2022-08-30T19:36:55.652698989,OPENAT,7704
2022-08-30T19:36:55.652708020,READ,2943
2022-08-30T19:36:55.652719063,READ,2114
2022-08-30T19:36:55.652735068,READ,2133
2022-08-30T19:36:55.652788403,OPENAT,4599
2022-08-30T19:36:55.652802653,OPENAT,7871
2022-08-30T19:36:55.652811643,READ,2836
2022-08-30T19:36:55.652896230,OPENAT,12621
2022-08-30T19:36:55.652905577,READ,2988
2022-08-30T19:36:55.652987636,OPENAT,7613
2022-08-30T19:36:55.652995710,READ,2808
2022-08-30T19:36:55.653066045,OPENAT,8828
2022-08-30T19:36:55.653075512,READ,3136
2022-08-30T19:36:55.653087058,READ,2271
2022-08-30T19:36:55.653105508,READ,2201
2022-08-30T19:36:55.668813664,OPENAT,11413
2022-08-30T19:36:55.668939985,OPENAT,3872
2022-08-30T19:36:55.668962185,OPENAT,1980
2022-08-30T19:36:55.671932428,OPENAT,35179
2022-08-30T19:36:55.671946199,READ,5528
2022-08-30T19:36:55.672035750,OPENAT,5811
2022-08-30T19:36:55.672051437,OPENAT,4122
2022-08-30T19:36:55.672067157,OPENAT,4695
2022-08-30T19:36:55.672081124,OPENAT,5035
2022-08-30T19:36:55.672093867,OPENAT,3505
2022-08-30T19:36:55.672106307,OPENAT,3591
2022-08-30T19:36:55.672118397,OPENAT,3524
2022-08-30T19:36:55.672130927,OPENAT,3801
2022-08-30T19:36:55.672150836,OPENAT,7055
2022-08-30T19:36:55.672160041,READ,3317
2022-08-30T19:36:55.672250174,OPENAT,8107
2022-08-30T19:36:55.672259047,READ,2951
2022-08-30T19:36:55.672320143,OPENAT,7577
2022-08-30T19:36:55.672328793,READ,2978
2022-08-30T19:36:55.672386997,OPENAT,7716
2022-08-30T19:36:55.672395655,READ,2803
2022-08-30T19:36:55.672470161,OPENAT,8019
2022-08-30T19:36:55.672478774,READ,3115
2022-08-30T19:36:55.672571813,OPENAT,7977
2022-08-30T19:36:55.672580592,READ,2954
2022-08-30T19:36:55.672637621,OPENAT,7669
2022-08-30T19:36:55.672645408,READ,2740
2022-08-30T19:36:55.672655755,READ,2072
2022-08-30T19:36:55.672817080,OPENAT,10997
2022-08-30T19:36:55.672831979,OPENAT,9190
2022-08-30T19:36:55.672840185,READ,3452
2022-08-30T19:36:55.672850588,READ,2368
2022-08-30T19:36:55.672868342,READ,2408
2022-08-30T19:36:55.672943442,OPENAT,5151
2022-08-30T19:36:55.672957351,OPENAT,8577
2022-08-30T19:36:55.672965327,READ,2996
2022-08-30T19:36:55.672975356,READ,2280
2022-08-30T19:36:55.672989713,READ,2203
2022-08-30T19:36:56.102477665,OPENAT,10648
2022-08-30T19:36:56.102494907,OPENAT,2291
2022-08-30T19:36:56.168473473,OPENAT,39542
2022-08-30T19:36:56.168500926,READ,13264
2022-08-30T19:36:56.168512845,READ,1786
2022-08-30T19:36:56.168552674,OPENAT,7297
2022-08-30T19:36:56.168575029,READ,5431
2022-08-30T19:36:56.168597613,READ,1565
2022-08-30T19:36:56.168618282,OPENAT,6986
2022-08-30T19:36:56.168643520,READ,19370
2022-08-30T19:36:56.168650066,READ,1494
2022-08-30T19:36:56.168668021,OPENAT,5940
2022-08-30T19:36:56.168675993,READ,3122
2022-08-30T19:36:56.168681997,READ,1497
2022-08-30T19:36:56.168720850,OPENAT,9213
2022-08-30T19:36:56.168730256,READ,3272
2022-08-30T19:36:56.168738332,READ,1595
2022-08-30T19:36:56.170680761,OPENAT,1930567
2022-08-30T19:36:56.170724275,READ,38028
2022-08-30T19:36:56.170749221,READ,15247
2022-08-30T19:36:56.170770187,READ,14711
2022-08-30T19:36:56.170791066,READ,14541
2022-08-30T19:36:56.170811610,READ,14418
2022-08-30T19:36:56.170845403,READ,14459
2022-08-30T19:36:56.170865689,READ,14344
2022-08-30T19:36:56.170886044,READ,14170
2022-08-30T19:36:56.170906331,READ,14117
2022-08-30T19:36:56.170932239,READ,19729
2022-08-30T19:36:56.170952742,READ,14357
2022-08-30T19:36:56.170975224,READ,14189
2022-08-30T19:36:56.171021193,READ,13746
2022-08-30T19:36:56.171058976,READ,14280
2022-08-30T19:36:56.171080196,READ,14351
2022-08-30T19:36:56.171100822,READ,14261
2022-08-30T19:36:56.171121445,READ,14186
2022-08-30T19:36:56.171141985,READ,14077
2022-08-30T19:36:56.171162193,READ,14086
2022-08-30T19:36:56.171182412,READ,14089
2022-08-30T19:36:56.171203279,READ,14149
2022-08-30T19:36:56.171231644,READ,14178
2022-08-30T19:36:56.171265951,READ,14248
2022-08-30T19:36:56.171286200,READ,14341
2022-08-30T19:36:56.171306261,READ,14191
2022-08-30T19:36:56.171340636,READ,14161
2022-08-30T19:36:56.171360402,READ,14136
2022-08-30T19:36:56.171380307,READ,14155
2022-08-30T19:36:56.171400543,READ,14126
2022-08-30T19:36:56.171421744,READ,14168
2022-08-30T19:36:56.171442198,READ,14153
2022-08-30T19:36:56.171463091,READ,14273
2022-08-30T19:36:56.171484273,READ,14427
2022-08-30T19:36:56.171505077,READ,14290
2022-08-30T19:36:56.171525765,READ,14185
2022-08-30T19:36:56.171546472,READ,14124
2022-08-30T19:36:56.171567300,READ,14154
2022-08-30T19:36:56.171588400,READ,14146
2022-08-30T19:36:56.171609200,READ,14159
2022-08-30T19:36:56.171629968,READ,14233
2022-08-30T19:36:56.171650631,READ,14301
2022-08-30T19:36:56.171671338,READ,14294
2022-08-30T19:36:56.171691737,READ,14141
2022-08-30T19:36:56.171712171,READ,14095
2022-08-30T19:36:56.171733419,READ,14138
2022-08-30T19:36:56.171754304,READ,14173
2022-08-30T19:36:56.171775234,READ,14226
2022-08-30T19:36:56.171795964,READ,14152
2022-08-30T19:36:56.171816695,READ,14212
2022-08-30T19:36:56.171837106,READ,14216
2022-08-30T19:36:56.171857772,READ,14151
2022-08-30T19:36:56.171878916,READ,14144
2022-08-30T19:36:56.171899427,READ,14120
2022-08-30T19:36:56.171919803,READ,14099
2022-08-30T19:36:56.171940383,READ,14138
2022-08-30T19:36:56.171961180,READ,14118
2022-08-30T19:36:56.171981842,READ,14142
2022-08-30T19:36:56.172002475,READ,14117
2022-08-30T19:36:56.172023012,READ,14177
2022-08-30T19:36:56.172043755,READ,14302
2022-08-30T19:36:56.172065235,READ,14234
2022-08-30T19:36:56.172086129,READ,14193
2022-08-30T19:36:56.172107365,READ,14120
2022-08-30T19:36:56.172127952,READ,14134
2022-08-30T19:36:56.172149440,READ,14160
2022-08-30T19:36:56.172170645,READ,14161
2022-08-30T19:36:56.172206986,READ,13658
2022-08-30T19:36:56.172226987,READ,13723
2022-08-30T19:36:56.172246760,READ,13793
2022-08-30T19:36:56.172266721,READ,13589
2022-08-30T19:36:56.172304396,READ,31366
2022-08-30T19:36:56.172325616,READ,14167
2022-08-30T19:36:56.172346399,READ,14139
2022-08-30T19:36:56.172366955,READ,14185
2022-08-30T19:36:56.172387421,READ,14146
2022-08-30T19:36:56.172407729,READ,14215
2022-08-30T19:36:56.172427915,READ,14183
2022-08-30T19:36:56.172448359,READ,14224
2022-08-30T19:36:56.172468893,READ,14317
2022-08-30T19:36:56.172477007,READ,1768
2022-08-30T19:36:56.172483907,READ,1626
2022-08-30T19:36:56.248567903,OPENAT,2435814
2022-08-30T19:36:56.248618320,READ,29749
2022-08-30T19:36:56.248649394,READ,16650
2022-08-30T19:36:56.248671109,READ,15107
2022-08-30T19:36:56.248692661,READ,14955
2022-08-30T19:36:56.248700311,READ,1769
2022-08-30T19:36:56.248720375,READ,14465
2022-08-30T19:36:56.248740879,READ,14440
2022-08-30T19:36:56.248761328,READ,14114
2022-08-30T19:36:56.248768480,READ,1702
2022-08-30T19:36:56.248788169,READ,14296
2022-08-30T19:36:56.248823729,READ,13736
2022-08-30T19:36:56.248886747,READ,13754
2022-08-30T19:36:56.248894406,READ,1667
2022-08-30T19:36:56.248913242,READ,13686
2022-08-30T19:36:56.248932850,READ,13814
2022-08-30T19:36:56.248952702,READ,13772
2022-08-30T19:36:56.248959763,READ,1641
2022-08-30T19:36:56.248978760,READ,13666
2022-08-30T19:36:56.248998519,READ,13894
2022-08-30T19:36:56.249018531,READ,13722
2022-08-30T19:36:56.249026004,READ,1675
2022-08-30T19:36:56.249045186,READ,13774
2022-08-30T19:36:56.249065179,READ,13697
2022-08-30T19:36:56.249084715,READ,13679
2022-08-30T19:36:56.249092098,READ,1635
2022-08-30T19:36:56.249110312,READ,13618
2022-08-30T19:36:56.249129620,READ,13615
2022-08-30T19:36:56.249148975,READ,13656
2022-08-30T19:36:56.249156273,READ,1651
2022-08-30T19:36:56.249175167,READ,13686
2022-08-30T19:36:56.249194747,READ,13681
2022-08-30T19:36:56.249214799,READ,13739
2022-08-30T19:36:56.249222388,READ,1658
2022-08-30T19:36:56.249241498,READ,13653
2022-08-30T19:36:56.249261019,READ,13773
2022-08-30T19:36:56.249280785,READ,13775
2022-08-30T19:36:56.249300528,READ,13753
2022-08-30T19:36:56.249308099,READ,1660
2022-08-30T19:36:56.249327674,READ,13801
2022-08-30T19:36:56.249347166,READ,13772
2022-08-30T19:36:56.249366663,READ,13795
2022-08-30T19:36:56.249373839,READ,1651
2022-08-30T19:36:56.249392555,READ,13777
2022-08-30T19:36:56.249412241,READ,13803
2022-08-30T19:36:56.249432177,READ,13842
2022-08-30T19:36:56.249440163,READ,1655
2022-08-30T19:36:56.249459350,READ,13623
2022-08-30T19:36:56.249478791,READ,13711
2022-08-30T19:36:56.249499353,READ,13816
2022-08-30T19:36:56.249506999,READ,1639
2022-08-30T19:36:56.249525916,READ,13723
2022-08-30T19:36:56.249545310,READ,13715
2022-08-30T19:36:56.249565257,READ,13920
2022-08-30T19:36:56.249572022,READ,1713
2022-08-30T19:36:56.249606512,READ,29335
2022-08-30T19:36:56.249644165,READ,13819
2022-08-30T19:36:56.249664411,READ,13841
2022-08-30T19:36:56.249672051,READ,1725
2022-08-30T19:36:56.249690927,READ,13710
2022-08-30T19:36:56.249710400,READ,13771
2022-08-30T19:36:56.249730307,READ,13849
2022-08-30T19:36:56.249737967,READ,1647
2022-08-30T19:36:56.249757140,READ,13820
2022-08-30T19:36:56.249776680,READ,13697
2022-08-30T19:36:56.249797324,READ,13677
2022-08-30T19:36:56.249805581,READ,1747
2022-08-30T19:36:56.249824827,READ,13791
2022-08-30T19:36:56.249845071,READ,13721
2022-08-30T19:36:56.249864917,READ,13705
2022-08-30T19:36:56.249884860,READ,13849
2022-08-30T19:36:56.249892909,READ,1672
2022-08-30T19:36:56.249912052,READ,13685
2022-08-30T19:36:56.249943644,READ,13776
2022-08-30T19:36:56.249963431,READ,13902
2022-08-30T19:36:56.249970069,READ,1625
2022-08-30T19:36:56.249990111,READ,13753
2022-08-30T19:36:56.250009681,READ,13829
2022-08-30T19:36:56.250029403,READ,13785
2022-08-30T19:36:56.250036284,READ,1673
2022-08-30T19:36:56.250055701,READ,13789
2022-08-30T19:36:56.250075339,READ,13739
2022-08-30T19:36:56.250094804,READ,13763
2022-08-30T19:36:56.250102225,READ,1699
2022-08-30T19:36:56.250121189,READ,13724
2022-08-30T19:36:56.250152326,READ,13794
2022-08-30T19:36:56.250187538,READ,13504
2022-08-30T19:36:56.250194198,READ,1638
2022-08-30T19:36:56.250212813,READ,13223
2022-08-30T19:36:56.250232051,READ,13423
2022-08-30T19:36:56.250255938,READ,13362
2022-08-30T19:36:56.250280840,READ,19091
2022-08-30T19:36:56.250299911,READ,13826
2022-08-30T19:36:56.250319218,READ,13766
2022-08-30T19:36:56.250350486,READ,13695
2022-08-30T19:36:56.250357935,READ,1796
2022-08-30T19:36:56.250389301,READ,13863
2022-08-30T19:36:56.250418418,READ,13695
2022-08-30T19:36:56.250445783,READ,13735
2022-08-30T19:36:56.250482289,READ,1766
2022-08-30T19:36:56.250500724,READ,13751
2022-08-30T19:36:56.250524743,READ,13756
2022-08-30T19:36:56.250562466,READ,29195
2022-08-30T19:36:56.250571035,READ,1691
2022-08-30T19:36:56.250604879,READ,29010
2022-08-30T19:36:56.250624286,READ,12972
2022-08-30T19:36:56.250632824,READ,1661
2022-08-30T19:36:56.250639165,READ,1500
2022-08-30T19:36:56.260506188,OPENAT,11106
2022-08-30T19:36:56.260516495,READ,3893
2022-08-30T19:36:56.260920504,OPENAT,11631
2022-08-30T19:36:56.260974904,READ,11347
2022-08-30T19:36:56.260984440,READ,2156
2022-08-30T19:36:56.261286289,OPENAT,10522
2022-08-30T19:36:56.261482265,OPENAT,11550
2022-08-30T19:36:56.261520518,READ,4483
2022-08-30T19:36:56.261527544,READ,1909
2022-08-30T19:36:56.261890283,OPENAT,10991
2022-08-30T19:36:56.261926437,READ,4711
2022-08-30T19:36:56.261934948,READ,2111
2022-08-30T19:36:56.262190322,OPENAT,10511
2022-08-30T19:36:56.262256771,READ,4177
2022-08-30T19:36:56.262280638,READ,1996
2022-08-30T19:36:56.262490249,OPENAT,10139
2022-08-30T19:36:56.262524770,READ,4393
2022-08-30T19:36:56.262533321,READ,2212
2022-08-30T19:36:56.262833124,OPENAT,10148
2022-08-30T19:36:56.262866972,READ,4182
2022-08-30T19:36:56.262875796,READ,2029
2022-08-30T19:36:56.263068891,OPENAT,8737
2022-08-30T19:36:56.263178223,OPENAT,10646
2022-08-30T19:36:56.263189490,READ,4435
2022-08-30T19:36:56.263276339,OPENAT,5671
2022-08-30T19:36:56.263292277,OPENAT,3950
2022-08-30T19:36:56.263306066,OPENAT,4135
2022-08-30T19:36:56.263320297,OPENAT,3959
2022-08-30T19:36:56.263341305,OPENAT,11429
2022-08-30T19:36:56.263354304,OPENAT,4210
2022-08-30T19:36:56.263367631,OPENAT,4333
2022-08-30T19:36:56.263383943,OPENAT,7592
2022-08-30T19:36:56.263393262,READ,3231
2022-08-30T19:36:56.264313021,OPENAT,11740
2022-08-30T19:36:56.264322936,READ,4343
2022-08-30T19:36:56.264897301,OPENAT,10649
2022-08-30T19:36:56.264969653,READ,16866
2022-08-30T19:36:56.264977976,READ,2004
2022-08-30T19:36:56.265562492,OPENAT,10370
2022-08-30T19:36:56.265602000,READ,4548
2022-08-30T19:36:56.265610857,READ,1930
2022-08-30T19:36:56.266830556,OPENAT,11376
2022-08-30T19:36:56.266874874,READ,4644
2022-08-30T19:36:56.266881940,READ,1829
2022-08-30T19:36:56.267111018,OPENAT,9047
2022-08-30T19:36:56.267335454,OPENAT,10427
2022-08-30T19:36:56.267397958,READ,25216
2022-08-30T19:36:56.267407261,READ,2321
2022-08-30T19:36:56.267724301,OPENAT,10095
2022-08-30T19:36:56.267758438,READ,4534
2022-08-30T19:36:56.267765175,READ,1848
2022-08-30T19:36:56.268005965,OPENAT,12000
2022-08-30T19:36:56.268015691,READ,4429
2022-08-30T19:36:56.268819287,OPENAT,10599
2022-08-30T19:36:56.268900121,READ,35496
2022-08-30T19:36:56.268921370,READ,2321
2022-08-30T19:36:56.270062609,OPENAT,11483
2022-08-30T19:36:56.270072616,READ,4644
2022-08-30T19:36:56.271949312,OPENAT,12748
2022-08-30T19:36:56.271986763,READ,5071
2022-08-30T19:36:56.271995869,READ,2140
2022-08-30T19:36:56.272204754,OPENAT,25716
2022-08-30T19:36:56.272376626,OPENAT,10052
2022-08-30T19:36:56.272416083,READ,6838
2022-08-30T19:36:56.272423888,READ,2056
2022-08-30T19:36:56.272702434,OPENAT,10567
2022-08-30T19:36:56.272735912,READ,4929
2022-08-30T19:36:56.272743708,READ,1949
2022-08-30T19:36:56.272999921,OPENAT,9793
2022-08-30T19:36:56.273051710,READ,19958
2022-08-30T19:36:56.273060652,READ,2144
2022-08-30T19:36:56.273634436,OPENAT,10603
2022-08-30T19:36:56.273670664,READ,5722
2022-08-30T19:36:56.273679226,READ,2034
2022-08-30T19:36:56.274628351,OPENAT,10775
2022-08-30T19:36:56.274684114,READ,4511
2022-08-30T19:36:56.274692289,READ,2092
2022-08-30T19:36:56.274916052,OPENAT,8427
2022-08-30T19:36:56.275074755,OPENAT,10040
2022-08-30T19:36:56.275112957,READ,7569
2022-08-30T19:36:56.275121495,READ,2105
2022-08-30T19:36:56.277264338,OPENAT,11388
2022-08-30T19:36:56.277326626,READ,26878
2022-08-30T19:36:56.277335671,READ,2169
2022-08-30T19:36:56.277925558,OPENAT,10925
2022-08-30T19:36:56.277959683,READ,4956
2022-08-30T19:36:56.277967957,READ,2077
2022-08-30T19:36:56.278408194,OPENAT,11551
2022-08-30T19:36:56.278419106,READ,4260
2022-08-30T19:36:56.283384933,OPENAT,11642
2022-08-30T19:36:56.283421553,READ,4897
2022-08-30T19:36:56.283429822,READ,1928
2022-08-30T19:36:56.283733935,OPENAT,10872
2022-08-30T19:36:56.283784957,READ,5934
2022-08-30T19:36:56.283793223,READ,2036
2022-08-30T19:36:56.284078005,OPENAT,9754
2022-08-30T19:36:56.284111941,READ,5211
2022-08-30T19:36:56.284120061,READ,1963
2022-08-30T19:36:56.284663309,OPENAT,11186
2022-08-30T19:36:56.284698583,READ,4778
2022-08-30T19:36:56.284706886,READ,2115
2022-08-30T19:36:56.284978119,OPENAT,10320
2022-08-30T19:36:56.285040647,READ,5010
2022-08-30T19:36:56.285049389,READ,2219
2022-08-30T19:36:56.285336050,OPENAT,11395
2022-08-30T19:36:56.285372286,READ,4631
2022-08-30T19:36:56.285380916,READ,2002
2022-08-30T19:36:56.286398031,OPENAT,11232
2022-08-30T19:36:56.286478824,READ,44449
2022-08-30T19:36:56.286488024,READ,2129
2022-08-30T19:36:56.287025052,OPENAT,11163
2022-08-30T19:36:56.287062569,READ,7573
2022-08-30T19:36:56.287071735,READ,2128
2022-08-30T19:36:56.287383677,OPENAT,10841
2022-08-30T19:36:56.287435124,READ,5092
2022-08-30T19:36:56.287443357,READ,2047
2022-08-30T19:36:56.287696054,OPENAT,10868
2022-08-30T19:36:56.287795246,READ,65976
2022-08-30T19:36:56.287804814,READ,2363
2022-08-30T19:36:56.288298700,OPENAT,10903
2022-08-30T19:36:56.288417548,READ,5471
2022-08-30T19:36:56.288427053,READ,2228
2022-08-30T19:36:56.288714504,OPENAT,10590
2022-08-30T19:36:56.288748837,READ,4695
2022-08-30T19:36:56.288757046,READ,2019
2022-08-30T19:36:56.293991570,OPENAT,12101
2022-08-30T19:36:56.294030304,READ,6314
2022-08-30T19:36:56.294038988,READ,2190
2022-08-30T19:36:56.296225244,OPENAT,11809
2022-08-30T19:36:56.296282127,READ,10019
2022-08-30T19:36:56.296290412,READ,2071
2022-08-30T19:36:56.297723948,OPENAT,12118
2022-08-30T19:36:56.297803126,READ,34538
2022-08-30T19:36:56.297812258,READ,2377
2022-08-30T19:36:56.302675248,OPENAT,11830
2022-08-30T19:36:56.302714888,READ,7622
2022-08-30T19:36:56.302723374,READ,2115
2022-08-30T19:36:56.303294676,OPENAT,10997
2022-08-30T19:36:56.303330100,READ,5288
2022-08-30T19:36:56.303338467,READ,2049
2022-08-30T19:36:56.303669169,OPENAT,10577
2022-08-30T19:36:56.303715136,READ,9551
2022-08-30T19:36:56.303723608,READ,2150
2022-08-30T19:36:56.304459409,OPENAT,10924
2022-08-30T19:36:56.304485828,READ,5086
2022-08-30T19:36:56.304492721,READ,1976
2022-08-30T19:36:56.304761674,OPENAT,10996
2022-08-30T19:36:56.304793963,READ,7503
2022-08-30T19:36:56.304801254,READ,2180
2022-08-30T19:36:56.305236712,OPENAT,10714
2022-08-30T19:36:56.305279054,READ,19216
2022-08-30T19:36:56.305286245,READ,2053
2022-08-30T19:36:56.306009947,OPENAT,11328
2022-08-30T19:36:56.306172266,READ,131869
2022-08-30T19:36:56.306181116,READ,2568
2022-08-30T19:36:56.307461560,OPENAT,12009
2022-08-30T19:36:56.307472121,READ,4490
2022-08-30T19:36:56.308909263,OPENAT,11562
2022-08-30T19:36:56.308936555,READ,4772
2022-08-30T19:36:56.308943628,READ,2132
2022-08-30T19:36:56.309164604,OPENAT,10158
2022-08-30T19:36:56.309191142,READ,6234
2022-08-30T19:36:56.309197951,READ,2101
2022-08-30T19:36:56.309575293,OPENAT,9621
2022-08-30T19:36:56.309600927,READ,5709
2022-08-30T19:36:56.309607544,READ,1920
2022-08-30T19:36:56.312429100,OPENAT,27152
2022-08-30T19:36:56.312468492,READ,5589
2022-08-30T19:36:56.312477457,READ,2065
2022-08-30T19:36:56.313025180,OPENAT,11400
2022-08-30T19:36:56.313061690,READ,4654
2022-08-30T19:36:56.313070289,READ,2038
2022-08-30T19:36:56.313225577,OPENAT,8788
2022-08-30T19:36:56.313416637,OPENAT,10182
2022-08-30T19:36:56.313452035,READ,4736
2022-08-30T19:36:56.313459936,READ,1975
2022-08-30T19:36:56.313829753,OPENAT,10669
2022-08-30T19:36:56.313868051,READ,5865
2022-08-30T19:36:56.313876577,READ,2054
2022-08-30T19:36:56.314111729,OPENAT,10960
2022-08-30T19:36:56.314173879,READ,26547
2022-08-30T19:36:56.314182665,READ,2112
2022-08-30T19:36:56.314464311,OPENAT,11043
2022-08-30T19:36:56.314501321,READ,4619
2022-08-30T19:36:56.314509835,READ,2045
2022-08-30T19:36:56.317006162,OPENAT,12057
2022-08-30T19:36:56.317069090,READ,25431
2022-08-30T19:36:56.317078384,READ,2154
2022-08-30T19:36:56.317408058,OPENAT,10729
2022-08-30T19:36:56.317459573,READ,4291
2022-08-30T19:36:56.317467608,READ,1961
2022-08-30T19:36:56.317617363,OPENAT,9260
2022-08-30T19:36:56.317761598,OPENAT,10312
2022-08-30T19:36:56.317823853,READ,15243
2022-08-30T19:36:56.317832954,READ,2089
2022-08-30T19:36:56.318144362,OPENAT,10682
2022-08-30T19:36:56.318179835,READ,4361
2022-08-30T19:36:56.318206197,READ,2051
2022-08-30T19:36:56.318336969,OPENAT,8892
2022-08-30T19:36:56.318490576,OPENAT,9625
2022-08-30T19:36:56.318558482,READ,27848
2022-08-30T19:36:56.318567744,READ,2074
2022-08-30T19:36:56.319140033,OPENAT,11338
2022-08-30T19:36:56.319178045,READ,7674
2022-08-30T19:36:56.319187490,READ,2182
2022-08-30T19:36:56.320445893,OPENAT,13079
2022-08-30T19:36:56.320458346,READ,4898
2022-08-30T19:36:56.320753691,OPENAT,11267
2022-08-30T19:36:56.320764847,READ,4386
2022-08-30T19:36:56.323318676,OPENAT,14659
2022-08-30T19:36:56.323434932,READ,73300
2022-08-30T19:36:56.323445186,READ,2603
2022-08-30T19:36:56.324100863,OPENAT,11971
2022-08-30T19:36:56.324155376,READ,23658
2022-08-30T19:36:56.324172258,READ,1989
2022-08-30T19:36:56.328088564,OPENAT,11717
2022-08-30T19:36:56.328125213,READ,5527
2022-08-30T19:36:56.328133744,READ,2151
2022-08-30T19:36:56.329160665,OPENAT,29263
2022-08-30T19:36:56.329221139,READ,10304
2022-08-30T19:36:56.329239128,READ,2212
2022-08-30T19:36:56.330997321,OPENAT,12090
2022-08-30T19:36:56.331038420,READ,8276
2022-08-30T19:36:56.331047509,READ,2296
2022-08-30T19:36:56.332718761,OPENAT,11959
2022-08-30T19:36:56.332773716,READ,23904
2022-08-30T19:36:56.332783308,READ,2348
2022-08-30T19:36:56.334341723,OPENAT,11482
2022-08-30T19:36:56.334380413,READ,7025
2022-08-30T19:36:56.334388960,READ,2023
2022-08-30T19:36:56.335545682,OPENAT,11830
2022-08-30T19:36:56.335601000,READ,6956
2022-08-30T19:36:56.335609749,READ,2072
2022-08-30T19:36:56.336680465,OPENAT,11391
2022-08-30T19:36:56.336723366,READ,11506
2022-08-30T19:36:56.336731996,READ,2157
2022-08-30T19:36:56.337254621,OPENAT,10839
2022-08-30T19:36:56.337305186,READ,6610
2022-08-30T19:36:56.337314135,READ,1992
2022-08-30T19:36:56.337651643,OPENAT,10807
2022-08-30T19:36:56.337689263,READ,6231
2022-08-30T19:36:56.337698082,READ,2212
2022-08-30T19:36:56.338079777,OPENAT,10639
2022-08-30T19:36:56.338117209,READ,6761
2022-08-30T19:36:56.338125456,READ,1995
2022-08-30T19:36:56.339321653,OPENAT,37848
2022-08-30T19:36:56.339361700,READ,7523
2022-08-30T19:36:56.339370260,READ,2078
2022-08-30T19:36:56.339643892,OPENAT,9902
2022-08-30T19:36:56.339677526,READ,4096
2022-08-30T19:36:56.339685477,READ,1960
2022-08-30T19:36:56.339883020,OPENAT,10902
2022-08-30T19:36:56.339893920,READ,4196
2022-08-30T19:36:56.341880751,OPENAT,12251
2022-08-30T19:36:56.341918712,READ,5552
2022-08-30T19:36:56.341927525,READ,2188
2022-08-30T19:36:56.342196899,OPENAT,11111
2022-08-30T19:36:56.342255134,READ,8472
2022-08-30T19:36:56.342263457,READ,2051
2022-08-30T19:36:56.342694236,OPENAT,11473
2022-08-30T19:36:56.342730530,READ,4949
2022-08-30T19:36:56.342737881,READ,1994
2022-08-30T19:36:56.343164107,OPENAT,11328
2022-08-30T19:36:56.343201041,READ,5096
2022-08-30T19:36:56.343209804,READ,2097
2022-08-30T19:36:56.343398839,OPENAT,9029
2022-08-30T19:36:56.343540230,OPENAT,10046
2022-08-30T19:36:56.343597926,READ,24149
2022-08-30T19:36:56.343606963,READ,2223
2022-08-30T19:36:56.343837065,OPENAT,11867
2022-08-30T19:36:56.343848173,READ,4521
2022-08-30T19:36:56.345501163,OPENAT,11607
2022-08-30T19:36:56.345549049,READ,5330
2022-08-30T19:36:56.345557426,READ,2036
2022-08-30T19:36:56.346077179,OPENAT,11865
2022-08-30T19:36:56.346112553,READ,4714
2022-08-30T19:36:56.346120879,READ,1954
2022-08-30T19:36:56.346288852,OPENAT,9008
2022-08-30T19:36:56.346441830,OPENAT,9933
2022-08-30T19:36:56.346501428,READ,25664
2022-08-30T19:36:56.346509521,READ,2118
2022-08-30T19:36:56.346823860,OPENAT,10400
2022-08-30T19:36:56.346869141,READ,6234
2022-08-30T19:36:56.346892008,READ,2051
2022-08-30T19:36:56.347404482,OPENAT,11351
2022-08-30T19:36:56.347460613,READ,21550
2022-08-30T19:36:56.347469529,READ,2177
2022-08-30T19:36:56.348031490,OPENAT,11688
2022-08-30T19:36:56.348086286,READ,20750
2022-08-30T19:36:56.348094056,READ,2149
2022-08-30T19:36:56.348555322,OPENAT,11192
2022-08-30T19:36:56.348596551,READ,9527
2022-08-30T19:36:56.348604178,READ,2057
2022-08-30T19:36:56.349112505,OPENAT,11262
2022-08-30T19:36:56.349176751,READ,29851
2022-08-30T19:36:56.349185647,READ,2208
2022-08-30T19:36:56.349622184,OPENAT,11252
2022-08-30T19:36:56.349681536,READ,11464
2022-08-30T19:36:56.349689552,READ,2099
2022-08-30T19:36:56.350099984,OPENAT,11297
2022-08-30T19:36:56.350176567,READ,35031
2022-08-30T19:36:56.350184311,READ,2126
2022-08-30T19:36:56.350655724,OPENAT,11341
2022-08-30T19:36:56.350690650,READ,5033
2022-08-30T19:36:56.350699700,READ,2071
2022-08-30T19:36:56.350870083,OPENAT,8837
2022-08-30T19:36:56.351089461,OPENAT,10697
2022-08-30T19:36:56.351124836,READ,4305
2022-08-30T19:36:56.351133104,READ,2013
2022-08-30T19:36:56.351283083,OPENAT,11050
2022-08-30T19:36:56.351296266,READ,4196
2022-08-30T19:36:56.351974874,OPENAT,12149
2022-08-30T19:36:56.351986843,READ,4663
2022-08-30T19:36:56.352374946,OPENAT,11905
2022-08-30T19:36:56.352386774,READ,4545
2022-08-30T19:36:56.353460402,OPENAT,11110
2022-08-30T19:36:56.353535850,READ,5033
2022-08-30T19:36:56.353544617,READ,2072
2022-08-30T19:36:56.353754247,OPENAT,9699
2022-08-30T19:36:56.353803350,READ,13103
2022-08-30T19:36:56.353812108,READ,2094
2022-08-30T19:36:56.354108699,OPENAT,11131
2022-08-30T19:36:56.354120053,READ,4378
2022-08-30T19:36:56.354492733,OPENAT,10698
2022-08-30T19:36:56.354552956,READ,4762
2022-08-30T19:36:56.354561765,READ,1980
2022-08-30T19:36:56.354836788,OPENAT,11240
2022-08-30T19:36:56.354847888,READ,4265
2022-08-30T19:36:56.354923715,OPENAT,8694
2022-08-30T19:36:56.354938063,READ,3269
2022-08-30T19:36:56.355575568,OPENAT,10921
2022-08-30T19:36:56.355618484,READ,5319
2022-08-30T19:36:56.355639553,READ,1945
2022-08-30T19:36:56.355929836,OPENAT,11422
2022-08-30T19:36:56.355939678,READ,4283
2022-08-30T19:36:56.356272652,OPENAT,10749
2022-08-30T19:36:56.356281944,READ,4061
2022-08-30T19:36:56.357036294,OPENAT,11804
2022-08-30T19:36:56.357047961,READ,4602
2022-08-30T19:36:56.357437821,OPENAT,12342
2022-08-30T19:36:56.357463904,READ,20220
2022-08-30T19:36:56.357746856,READ,4342
2022-08-30T19:36:56.358399422,OPENAT,12877
2022-08-30T19:36:56.358411183,READ,4580
