2022-08-30T19:36:55.579475745,OPENAT,22880
2022-08-30T19:36:55.579791004,OPENAT,4944
2022-08-30T19:36:55.579800610,OPENAT,2339
2022-08-30T19:36:55.579807028,OPENAT,2312
2022-08-30T19:36:55.579825009,OPENAT,2236
2022-08-30T19:36:55.579831650,OPENAT,2505
2022-08-30T19:36:55.579837918,OPENAT,2267
2022-08-30T19:36:55.579844132,OPENAT,2373
2022-08-30T19:36:55.579867534,OPENAT,19408
2022-08-30T19:36:55.579877300,OPENAT,3068
2022-08-30T19:36:55.579884759,OPENAT,2208
2022-08-30T19:36:55.579890839,OPENAT,2185
2022-08-30T19:36:55.579897584,OPENAT,2061
2022-08-30T19:36:55.579903731,OPENAT,2118
2022-08-30T19:36:55.579926573,OPENAT,2233
2022-08-30T19:36:55.579932793,OPENAT,2182
2022-08-30T19:36:55.579938530,OPENAT,1932
2022-08-30T19:36:55.579944567,OPENAT,2228
2022-08-30T19:36:55.579950554,OPENAT,2087
2022-08-30T19:36:55.579956719,OPENAT,2089
2022-08-30T19:36:55.579962941,OPENAT,2000
2022-08-30T19:36:55.579969869,OPENAT,2134
2022-08-30T19:36:55.579976252,OPENAT,2060
2022-08-30T19:36:55.579982579,OPENAT,2053
2022-08-30T19:36:55.579988873,OPENAT,1925
2022-08-30T19:36:55.579999086,OPENAT,5074
2022-08-30T19:36:55.580025400,OPENAT,6389
2022-08-30T19:36:55.580035371,READ,5526
2022-08-30T19:36:55.580079497,OPENAT,3269
2022-08-30T19:36:55.580092423,OPENAT,5801
2022-08-30T19:36:55.580098380,READ,2500
2022-08-30T19:36:55.580154242,OPENAT,3077
2022-08-30T19:36:55.580182158,OPENAT,21593
2022-08-30T19:36:55.580188179,READ,2483
2022-08-30T19:36:55.580235694,OPENAT,3079
2022-08-30T19:36:55.580247443,OPENAT,5455
2022-08-30T19:36:55.580253796,READ,2331
2022-08-30T19:36:55.580283424,OPENAT,2892
2022-08-30T19:36:55.580295076,OPENAT,5168
2022-08-30T19:36:55.580300149,READ,2295
2022-08-30T19:36:55.580329813,OPENAT,3011
2022-08-30T19:36:55.580341665,OPENAT,5355
2022-08-30T19:36:55.580364507,READ,2577
2022-08-30T19:36:55.580917500,OPENAT,5072
2022-08-30T19:36:55.580928979,OPENAT,2938
2022-08-30T19:36:55.580940439,OPENAT,6285
2022-08-30T19:36:55.580967146,OPENAT,6121
2022-08-30T19:36:55.581125236,OPENAT,3605
2022-08-30T19:36:55.581133625,OPENAT,2264
2022-08-30T19:36:55.581216364,OPENAT,5811
2022-08-30T19:36:55.581228303,READ,3242
2022-08-30T19:36:55.585068677,OPENAT,6668
2022-08-30T19:36:55.585363803,OPENAT,8354
2022-08-30T19:36:55.585875305,OPENAT,10310
2022-08-30T19:36:55.585938125,READ,5024
2022-08-30T19:36:55.585945212,READ,1887
2022-08-30T19:36:55.586152779,OPENAT,8764
2022-08-30T19:36:55.586199426,READ,25544
2022-08-30T19:36:55.586205060,READ,1912
2022-08-30T19:36:55.586829534,OPENAT,8454
2022-08-30T19:36:55.587124926,OPENAT,9702
2022-08-30T19:36:55.587153252,READ,5232
2022-08-30T19:36:55.587160239,READ,1976
2022-08-30T19:36:55.587580353,OPENAT,9648
2022-08-30T19:36:55.587607726,READ,4198
2022-08-30T19:36:55.587613790,READ,1754
2022-08-30T19:36:55.588138150,OPENAT,9705
2022-08-30T19:36:55.588165774,READ,4727
2022-08-30T19:36:55.588189514,READ,1870
2022-08-30T19:36:55.588559900,OPENAT,8918
2022-08-30T19:36:55.588588378,READ,4117
2022-08-30T19:36:55.588594388,READ,1704
2022-08-30T19:36:55.588759748,OPENAT,8550
2022-08-30T19:36:55.588785818,READ,5067
2022-08-30T19:36:55.588791732,READ,1709
2022-08-30T19:36:55.589478583,OPENAT,9716
2022-08-30T19:36:55.589547905,READ,12363
2022-08-30T19:36:55.589554580,READ,1841
2022-08-30T19:36:55.589806742,OPENAT,8996
2022-08-30T19:36:55.589844187,READ,16157
2022-08-30T19:36:55.589850683,READ,1808
2022-08-30T19:36:55.590214425,OPENAT,25578
2022-08-30T19:36:55.590239051,READ,4993
2022-08-30T19:36:55.590245268,READ,1773
2022-08-30T19:36:55.590735011,OPENAT,11384
2022-08-30T19:36:55.590761070,READ,8222
2022-08-30T19:36:55.590768491,READ,2010
2022-08-30T19:36:55.592299367,OPENAT,10460
2022-08-30T19:36:55.592323845,READ,5588
2022-08-30T19:36:55.592331529,READ,1967
2022-08-30T19:36:55.592561315,OPENAT,9413
2022-08-30T19:36:55.592584119,READ,4204
2022-08-30T19:36:55.592590574,READ,1857
2022-08-30T19:36:55.593206675,OPENAT,11167
2022-08-30T19:36:55.593232304,READ,4846
2022-08-30T19:36:55.593238808,READ,1992
2022-08-30T19:36:55.593561923,OPENAT,9010
2022-08-30T19:36:55.593797299,OPENAT,9546
2022-08-30T19:36:55.593942018,OPENAT,8688
2022-08-30T19:36:55.593977726,READ,4998
2022-08-30T19:36:55.593984572,READ,2001
2022-08-30T19:36:55.594163219,READ,4906
2022-08-30T19:36:55.594475090,READ,4500
2022-08-30T19:36:55.594657305,OPENAT,8376
2022-08-30T19:36:55.594865874,OPENAT,6531
2022-08-30T19:36:55.595908119,BIOR,503676
2022-08-30T19:36:55.595922927,BIOR,499906
2022-08-30T19:36:55.595927512,BIOR,507406
2022-08-30T19:36:55.595983165,OPENAT,9966
2022-08-30T19:36:55.596391514,BIOR,367324
2022-08-30T19:36:55.596404474,READ,394656
2022-08-30T19:36:55.596583171,READ,125262
2022-08-30T19:36:55.596590313,READ,1864
2022-08-30T19:36:55.596674000,OPENAT,7996
2022-08-30T19:36:55.596699396,READ,3492
2022-08-30T19:36:55.596723676,READ,2504
2022-08-30T19:36:55.597317109,READ,3396
2022-08-30T19:36:55.597329363,READ,1902
2022-08-30T19:36:55.597928054,OPENAT,7883
2022-08-30T19:36:55.598230531,OPENAT,11439
2022-08-30T19:36:55.598286915,READ,16529
2022-08-30T19:36:55.598294335,READ,2128
2022-08-30T19:36:55.598599116,OPENAT,10281
2022-08-30T19:36:55.598648658,READ,10634
2022-08-30T19:36:55.598655872,READ,2073
2022-08-30T19:36:55.599028081,OPENAT,11583
2022-08-30T19:36:55.599076008,READ,22767
2022-08-30T19:36:55.599095109,READ,14986
2022-08-30T19:36:55.599689977,OPENAT,10551
2022-08-30T19:36:55.599716513,READ,5899
2022-08-30T19:36:55.599723522,READ,2016
2022-08-30T19:36:55.600251345,OPENAT,10399
2022-08-30T19:36:55.600276082,READ,4367
2022-08-30T19:36:55.600283469,READ,1896
2022-08-30T19:36:55.600477870,OPENAT,9159
2022-08-30T19:36:55.600502065,READ,5286
2022-08-30T19:36:55.600508573,READ,1872
2022-08-30T19:36:55.600734757,OPENAT,10329
2022-08-30T19:36:55.600743876,READ,4051
2022-08-30T19:36:55.601223955,OPENAT,10365
2022-08-30T19:36:55.601249696,READ,4792
2022-08-30T19:36:55.601255421,READ,1938
2022-08-30T19:36:55.602064006,OPENAT,10276
2022-08-30T19:36:55.602103474,READ,12245
2022-08-30T19:36:55.602109508,READ,1878
2022-08-30T19:36:55.602363335,OPENAT,9449
2022-08-30T19:36:55.602400559,READ,15591
2022-08-30T19:36:55.602406609,READ,2092
2022-08-30T19:36:55.603484791,OPENAT,10944
2022-08-30T19:36:55.603512586,READ,6788
2022-08-30T19:36:55.603518845,READ,2060
2022-08-30T19:36:55.604490202,OPENAT,11833
2022-08-30T19:36:55.604532407,READ,13568
2022-08-30T19:36:55.604538131,READ,2045
2022-08-30T19:36:55.604939264,OPENAT,27698
2022-08-30T19:36:55.604986546,READ,18751
2022-08-30T19:36:55.604993438,READ,2173
2022-08-30T19:36:55.605345384,OPENAT,10625
2022-08-30T19:36:55.605371174,READ,5585
2022-08-30T19:36:55.605378081,READ,2189
2022-08-30T19:36:55.606160839,OPENAT,11107
2022-08-30T19:36:55.606223841,READ,20817
2022-08-30T19:36:55.606231105,READ,2321
2022-08-30T19:36:55.607447302,OPENAT,11331
2022-08-30T19:36:55.607473604,READ,5626
2022-08-30T19:36:55.607481316,READ,2152
2022-08-30T19:36:55.611217594,OPENAT,11996
2022-08-30T19:36:55.611253867,READ,8736
2022-08-30T19:36:55.611277018,READ,2026
2022-08-30T19:36:55.613424806,OPENAT,10633
2022-08-30T19:36:55.613460081,READ,11635
2022-08-30T19:36:55.613466663,READ,1925
2022-08-30T19:36:55.613776078,OPENAT,10339
2022-08-30T19:36:55.613785853,READ,4081
2022-08-30T19:36:55.613851985,OPENAT,13990
2022-08-30T19:36:55.613861806,OPENAT,3420
2022-08-30T19:36:55.613871217,OPENAT,3285
2022-08-30T19:36:55.613879873,OPENAT,3203
2022-08-30T19:36:55.613890007,OPENAT,3654
2022-08-30T19:36:55.613899236,OPENAT,3117
2022-08-30T19:36:55.613907855,OPENAT,3232
2022-08-30T19:36:55.613922026,OPENAT,8081
2022-08-30T19:36:55.613929124,READ,3028
2022-08-30T19:36:55.614379010,OPENAT,10297
2022-08-30T19:36:55.614404154,READ,4465
2022-08-30T19:36:55.614420517,READ,1943
2022-08-30T19:36:55.614624114,OPENAT,9342
2022-08-30T19:36:55.614633312,READ,3979
2022-08-30T19:36:55.615615980,OPENAT,8552
2022-08-30T19:36:55.615759420,OPENAT,10420
2022-08-30T19:36:55.615791054,READ,4199
2022-08-30T19:36:55.615796522,READ,1816
2022-08-30T19:36:55.616133512,OPENAT,8617
2022-08-30T19:36:55.616319120,OPENAT,10175
2022-08-30T19:36:55.616357626,READ,12383
2022-08-30T19:36:55.616364821,READ,2015
2022-08-30T19:36:55.616664084,OPENAT,9950
2022-08-30T19:36:55.616687503,READ,5098
2022-08-30T19:36:55.616693644,READ,1798
2022-08-30T19:36:55.616818487,OPENAT,7492
2022-08-30T19:36:55.616938753,OPENAT,9594
2022-08-30T19:36:55.616963578,READ,3877
2022-08-30T19:36:55.616969649,READ,1758
2022-08-30T19:36:55.617139856,OPENAT,10086
2022-08-30T19:36:55.617148220,READ,3970
2022-08-30T19:36:55.617477368,OPENAT,10084
2022-08-30T19:36:55.617509368,READ,6692
2022-08-30T19:36:55.617516012,READ,1966
2022-08-30T19:36:55.617760813,OPENAT,9568
2022-08-30T19:36:55.617805611,READ,22890
2022-08-30T19:36:55.617812492,READ,2056
2022-08-30T19:36:55.618408230,OPENAT,10808
2022-08-30T19:36:55.618434999,READ,6033
2022-08-30T19:36:55.618442029,READ,2099
2022-08-30T19:36:55.619056601,OPENAT,11614
2022-08-30T19:36:55.619068283,READ,5292
2022-08-30T19:36:55.619493598,OPENAT,10412
2022-08-30T19:36:55.619564027,READ,43887
2022-08-30T19:36:55.619571124,READ,1895
2022-08-30T19:36:55.620294622,OPENAT,10804
2022-08-30T19:36:55.620326991,READ,8799
2022-08-30T19:36:55.620345327,READ,2070
2022-08-30T19:36:55.622906967,OPENAT,11103
2022-08-30T19:36:55.622967987,READ,23146
2022-08-30T19:36:55.622976869,READ,4555
2022-08-30T19:36:55.623375718,OPENAT,14395
2022-08-30T19:36:55.623409556,READ,10935
2022-08-30T19:36:55.623416910,READ,1948
2022-08-30T19:36:55.623705626,OPENAT,9178
2022-08-30T19:36:55.623747648,READ,5258
2022-08-30T19:36:55.623753954,READ,1986
2022-08-30T19:36:55.623985470,OPENAT,9300
2022-08-30T19:36:55.624020531,READ,12890
2022-08-30T19:36:55.624028043,READ,2123
2022-08-30T19:36:55.624486910,OPENAT,10241
2022-08-30T19:36:55.624516658,READ,5255
2022-08-30T19:36:55.624523640,READ,1781
2022-08-30T19:36:55.626238509,OPENAT,12605
2022-08-30T19:36:55.626292186,READ,5472
2022-08-30T19:36:55.626298743,READ,2229
2022-08-30T19:36:55.626509098,OPENAT,9733
2022-08-30T19:36:55.626584951,READ,51013
2022-08-30T19:36:55.626591798,READ,2262
2022-08-30T19:36:55.627353063,OPENAT,10044
2022-08-30T19:36:55.627384999,READ,5764
2022-08-30T19:36:55.627390465,READ,1894
2022-08-30T19:36:55.627855321,OPENAT,10315
2022-08-30T19:36:55.627887078,READ,4589
2022-08-30T19:36:55.627893962,READ,1887
2022-08-30T19:36:55.628170742,OPENAT,10354
2022-08-30T19:36:55.628179008,READ,3979
2022-08-30T19:36:55.628839236,OPENAT,10976
2022-08-30T19:36:55.628862815,READ,4582
2022-08-30T19:36:55.628868218,READ,1864
2022-08-30T19:36:55.629054270,OPENAT,7955
2022-08-30T19:36:55.629201844,OPENAT,9804
2022-08-30T19:36:55.629225458,READ,4689
2022-08-30T19:36:55.629232832,READ,2184
2022-08-30T19:36:55.630941709,OPENAT,19105
2022-08-30T19:36:55.630986764,READ,13756
2022-08-30T19:36:55.630992926,READ,2052
2022-08-30T19:36:55.631366594,OPENAT,10193
2022-08-30T19:36:55.631432597,READ,39795
2022-08-30T19:36:55.631440216,READ,2037
2022-08-30T19:36:55.631927892,OPENAT,25805
2022-08-30T19:36:55.631950384,READ,4323
2022-08-30T19:36:55.631956723,READ,1996
2022-08-30T19:36:55.632265872,OPENAT,10942
2022-08-30T19:36:55.632275287,READ,4523
2022-08-30T19:36:55.632360115,OPENAT,12325
2022-08-30T19:36:55.632368113,READ,3614
2022-08-30T19:36:55.632737584,OPENAT,9755
2022-08-30T19:36:55.632761217,READ,5147
2022-08-30T19:36:55.632766812,READ,1920
2022-08-30T19:36:55.633030257,OPENAT,19230
2022-08-30T19:36:55.633054963,READ,5885
2022-08-30T19:36:55.633060927,READ,2183
2022-08-30T19:36:55.633384402,OPENAT,10863
2022-08-30T19:36:55.633394997,READ,4283
2022-08-30T19:36:55.633885259,OPENAT,11356
2022-08-30T19:36:55.633912395,READ,7350
2022-08-30T19:36:55.633919761,READ,1931
2022-08-30T19:36:55.634184996,OPENAT,10744
2022-08-30T19:36:55.634193441,READ,3972
2022-08-30T19:36:55.634255329,OPENAT,10302
2022-08-30T19:36:55.634261959,READ,3067
2022-08-30T19:36:55.634746672,OPENAT,11245
2022-08-30T19:36:55.634756633,READ,4367
2022-08-30T19:36:55.635442140,OPENAT,12025
2022-08-30T19:36:55.635482544,READ,15293
2022-08-30T19:36:55.635489908,READ,1979
2022-08-30T19:36:55.635819363,OPENAT,10174
2022-08-30T19:36:55.635843819,READ,4815
2022-08-30T19:36:55.635850894,READ,1996
2022-08-30T19:36:55.636042104,OPENAT,10127
2022-08-30T19:36:55.636050798,READ,4159
2022-08-30T19:36:55.636293013,OPENAT,10594
2022-08-30T19:36:55.636301498,READ,4137
2022-08-30T19:36:55.636594095,OPENAT,10701
2022-08-30T19:36:55.636602320,READ,4160
2022-08-30T19:36:55.636793104,OPENAT,9838
2022-08-30T19:36:55.636869740,READ,67768
2022-08-30T19:36:55.637043864,OPENAT,8872
2022-08-30T19:36:55.637078705,READ,12804
2022-08-30T19:36:55.637086090,READ,2026
2022-08-30T19:36:55.637872912,OPENAT,11389
2022-08-30T19:36:55.637897476,READ,4293
2022-08-30T19:36:55.637904518,READ,1922
2022-08-30T19:36:55.638131837,OPENAT,9701
2022-08-30T19:36:55.638187386,READ,30335
2022-08-30T19:36:55.638195072,READ,2194
2022-08-30T19:36:55.638680597,OPENAT,10019
2022-08-30T19:36:55.638705675,READ,4452
2022-08-30T19:36:55.638711520,READ,1936
2022-08-30T19:36:55.640208767,OPENAT,11789
2022-08-30T19:36:55.640220012,READ,4964
2022-08-30T19:36:55.640472867,OPENAT,10124
2022-08-30T19:36:55.640482512,READ,4287
2022-08-30T19:36:55.640761164,OPENAT,9646
2022-08-30T19:36:55.640804666,READ,6238
2022-08-30T19:36:55.640811526,READ,2016
2022-08-30T19:36:55.642223363,OPENAT,8894
2022-08-30T19:36:55.643354392,READ,185468
2022-08-30T19:36:55.643911169,READ,485308
2022-08-30T19:36:55.643938574,READ,18330
2022-08-30T19:36:55.644272530,OPENAT,16671
2022-08-30T19:36:55.644285599,READ,4866
2022-08-30T19:36:55.644350806,OPENAT,5848
2022-08-30T19:36:55.644362046,OPENAT,3564
2022-08-30T19:36:55.644371968,OPENAT,3467
2022-08-30T19:36:55.644381975,OPENAT,3647
2022-08-30T19:36:55.644392465,OPENAT,3746
2022-08-30T19:36:55.644401880,OPENAT,3489
2022-08-30T19:36:55.644412475,OPENAT,3690
2022-08-30T19:36:55.644422424,OPENAT,4089
2022-08-30T19:36:55.644435057,OPENAT,4372
2022-08-30T19:36:55.644446743,OPENAT,4739
2022-08-30T19:36:55.644457850,OPENAT,5632
2022-08-30T19:36:55.644467407,OPENAT,3859
2022-08-30T19:36:55.644493520,OPENAT,3846
2022-08-30T19:36:55.644503780,OPENAT,3975
2022-08-30T19:36:55.644514576,OPENAT,4273
2022-08-30T19:36:55.644530924,OPENAT,8183
2022-08-30T19:36:55.644538366,READ,3932
2022-08-30T19:36:55.644605665,OPENAT,5263
2022-08-30T19:36:55.644617873,OPENAT,8485
2022-08-30T19:36:55.644625084,READ,3918
2022-08-30T19:36:55.644687618,OPENAT,4861
2022-08-30T19:36:55.644700177,OPENAT,8101
2022-08-30T19:36:55.644708489,READ,4419
2022-08-30T19:36:55.644716673,READ,3049
2022-08-30T19:36:55.644781514,OPENAT,4944
2022-08-30T19:36:55.644796520,OPENAT,10855
2022-08-30T19:36:55.644805077,READ,4238
2022-08-30T19:36:55.644813331,READ,2777
2022-08-30T19:36:55.644824266,READ,2030
2022-08-30T19:36:55.644900001,OPENAT,5708
2022-08-30T19:36:55.644916221,OPENAT,11444
2022-08-30T19:36:55.644923380,READ,3841
2022-08-30T19:36:55.644931112,READ,3241
2022-08-30T19:36:55.644942884,READ,2088
2022-08-30T19:36:55.644997270,OPENAT,5073
2022-08-30T19:36:55.645011193,OPENAT,10001
2022-08-30T19:36:55.645018617,READ,4058
2022-08-30T19:36:55.645025995,READ,2971
2022-08-30T19:36:55.645036981,READ,2082
2022-08-30T19:36:55.645086992,OPENAT,4941
2022-08-30T19:36:55.645101423,OPENAT,10688
2022-08-30T19:36:55.645108337,READ,3695
2022-08-30T19:36:55.645115709,READ,2642
2022-08-30T19:36:55.645128382,READ,2081
2022-08-30T19:36:55.645173852,OPENAT,4897
2022-08-30T19:36:55.645188165,OPENAT,10066
2022-08-30T19:36:55.645194938,READ,3409
2022-08-30T19:36:55.645202044,READ,2545
2022-08-30T19:36:55.645211686,READ,2049
2022-08-30T19:36:55.645274389,OPENAT,4913
2022-08-30T19:36:55.645288595,OPENAT,10658
2022-08-30T19:36:55.645295525,READ,3674
2022-08-30T19:36:55.645370845,OPENAT,14274
2022-08-30T19:36:55.645378390,READ,3949
2022-08-30T19:36:55.645466715,OPENAT,8898
2022-08-30T19:36:55.645474939,READ,3936
2022-08-30T19:36:55.645536804,OPENAT,10782
2022-08-30T19:36:55.645546017,READ,4638
2022-08-30T19:36:55.645554738,READ,3242
2022-08-30T19:36:55.645568000,READ,2174
2022-08-30T19:36:55.668473957,OPENAT,26049
2022-08-30T19:36:55.668760352,OPENAT,4171
2022-08-30T19:36:55.668767428,OPENAT,2082
2022-08-30T19:36:55.671792752,OPENAT,11971
2022-08-30T19:36:55.671803956,READ,6126
2022-08-30T19:36:55.671997671,OPENAT,6103
2022-08-30T19:36:55.672008522,OPENAT,3442
2022-08-30T19:36:55.672018068,OPENAT,3777
2022-08-30T19:36:55.672028796,OPENAT,4730
2022-08-30T19:36:55.672040083,OPENAT,4716
2022-08-30T19:36:55.672053528,OPENAT,5704
2022-08-30T19:36:55.672065257,OPENAT,4689
2022-08-30T19:36:55.672074571,OPENAT,4512
2022-08-30T19:36:55.672089932,OPENAT,7537
2022-08-30T19:36:55.672096454,READ,3488
2022-08-30T19:36:55.672184372,OPENAT,9559
2022-08-30T19:36:55.672191171,READ,3451
2022-08-30T19:36:55.672266277,OPENAT,8094
2022-08-30T19:36:55.672272891,READ,2674
2022-08-30T19:36:55.672342977,OPENAT,8412
2022-08-30T19:36:55.672349121,READ,2867
2022-08-30T19:36:55.672434304,OPENAT,9703
2022-08-30T19:36:55.672441845,READ,4085
2022-08-30T19:36:55.672543957,OPENAT,8407
2022-08-30T19:36:55.672551357,READ,3343
2022-08-30T19:36:55.672627772,OPENAT,8423
2022-08-30T19:36:55.672634025,READ,2797
2022-08-30T19:36:55.672640826,READ,2070
2022-08-30T19:36:55.672789361,OPENAT,6755
2022-08-30T19:36:55.672823784,OPENAT,15501
2022-08-30T19:36:55.672831219,READ,4240
2022-08-30T19:36:55.672840490,READ,2607
2022-08-30T19:36:55.672853224,READ,2216
2022-08-30T19:36:55.672939494,OPENAT,5302
2022-08-30T19:36:55.672952943,OPENAT,9729
2022-08-30T19:36:55.672959128,READ,3004
2022-08-30T19:36:55.672965639,READ,2278
2022-08-30T19:36:55.672976066,READ,2129
2022-08-30T19:36:56.102477650,OPENAT,17367
2022-08-30T19:36:56.102492795,OPENAT,2139
2022-08-30T19:36:56.170767385,OPENAT,19935
2022-08-30T19:36:56.170785045,READ,8630
2022-08-30T19:36:56.170792312,READ,1676
2022-08-30T19:36:56.170812806,OPENAT,6526
2022-08-30T19:36:56.170835611,READ,4075
2022-08-30T19:36:56.170840383,READ,1587
2022-08-30T19:36:56.170853514,OPENAT,5726
2022-08-30T19:36:56.170861415,READ,3439
2022-08-30T19:36:56.170865961,READ,1566
2022-08-30T19:36:56.170880075,OPENAT,5447
2022-08-30T19:36:56.170887741,READ,3323
2022-08-30T19:36:56.170892342,READ,1559
2022-08-30T19:36:56.170905912,OPENAT,5250
2022-08-30T19:36:56.170913434,READ,3306
2022-08-30T19:36:56.170917862,READ,1534
2022-08-30T19:36:56.170939624,OPENAT,6939
2022-08-30T19:36:56.171015491,READ,55457
2022-08-30T19:36:56.171053790,READ,31918
2022-08-30T19:36:56.171073805,READ,14788
2022-08-30T19:36:56.171093519,READ,14820
2022-08-30T19:36:56.171112751,READ,14454
2022-08-30T19:36:56.171132028,READ,14273
2022-08-30T19:36:56.171150990,READ,14267
2022-08-30T19:36:56.171170105,READ,14254
2022-08-30T19:36:56.171188876,READ,14250
2022-08-30T19:36:56.171207849,READ,14324
2022-08-30T19:36:56.171230335,READ,14326
2022-08-30T19:36:56.171249068,READ,14160
2022-08-30T19:36:56.171267734,READ,14234
2022-08-30T19:36:56.171286154,READ,14206
2022-08-30T19:36:56.171304482,READ,14183
2022-08-30T19:36:56.171322926,READ,14052
2022-08-30T19:36:56.171341078,READ,14128
2022-08-30T19:36:56.171359162,READ,14048
2022-08-30T19:36:56.171377392,READ,14137
2022-08-30T19:36:56.171395915,READ,14112
2022-08-30T19:36:56.171414527,READ,14137
2022-08-30T19:36:56.171433370,READ,14142
2022-08-30T19:36:56.171452432,READ,14107
2022-08-30T19:36:56.171471336,READ,14223
2022-08-30T19:36:56.171489933,READ,14083
2022-08-30T19:36:56.171508682,READ,14213
2022-08-30T19:36:56.171527579,READ,14177
2022-08-30T19:36:56.171546374,READ,14138
2022-08-30T19:36:56.171565520,READ,14241
2022-08-30T19:36:56.171584849,READ,14161
2022-08-30T19:36:56.171603591,READ,14184
2022-08-30T19:36:56.171622386,READ,14234
2022-08-30T19:36:56.171641343,READ,14193
2022-08-30T19:36:56.171659898,READ,14145
2022-08-30T19:36:56.171678605,READ,14120
2022-08-30T19:36:56.171697411,READ,14142
2022-08-30T19:36:56.171716353,READ,14201
2022-08-30T19:36:56.171735201,READ,14121
2022-08-30T19:36:56.171754259,READ,14147
2022-08-30T19:36:56.171773307,READ,14064
2022-08-30T19:36:56.171792201,READ,14095
2022-08-30T19:36:56.171811006,READ,14095
2022-08-30T19:36:56.171829714,READ,14062
2022-08-30T19:36:56.171848092,READ,14068
2022-08-30T19:36:56.171866693,READ,14074
2022-08-30T19:36:56.171885375,READ,14091
2022-08-30T19:36:56.171904031,READ,14093
2022-08-30T19:36:56.171922650,READ,14093
2022-08-30T19:36:56.171941247,READ,14095
2022-08-30T19:36:56.171959698,READ,14020
2022-08-30T19:36:56.171978307,READ,14041
2022-08-30T19:36:56.171996864,READ,14074
2022-08-30T19:36:56.172015718,READ,14080
2022-08-30T19:36:56.172034444,READ,14037
2022-08-30T19:36:56.172053546,READ,14160
2022-08-30T19:36:56.172072778,READ,14137
2022-08-30T19:36:56.172091604,READ,14131
2022-08-30T19:36:56.172110325,READ,14142
2022-08-30T19:36:56.172129449,READ,14132
2022-08-30T19:36:56.172148587,READ,14219
2022-08-30T19:36:56.172167665,READ,14142
2022-08-30T19:36:56.172202561,READ,30074
2022-08-30T19:36:56.172221205,READ,13684
2022-08-30T19:36:56.172239466,READ,13643
2022-08-30T19:36:56.172257771,READ,13617
2022-08-30T19:36:56.172275799,READ,13662
2022-08-30T19:36:56.172311437,READ,14186
2022-08-30T19:36:56.172330132,READ,14165
2022-08-30T19:36:56.172348672,READ,14132
2022-08-30T19:36:56.172367325,READ,14233
2022-08-30T19:36:56.172385589,READ,14090
2022-08-30T19:36:56.172404260,READ,14147
2022-08-30T19:36:56.172424922,READ,14205
2022-08-30T19:36:56.172444952,READ,14202
2022-08-30T19:36:56.172464899,READ,14193
2022-08-30T19:36:56.172484715,READ,14228
2022-08-30T19:36:56.172503549,READ,14091
2022-08-30T19:36:56.172522983,READ,14189
2022-08-30T19:36:56.172542515,READ,14125
2022-08-30T19:36:56.172549571,READ,1660
2022-08-30T19:36:56.172554695,READ,1528
2022-08-30T19:36:56.248568485,OPENAT,2434068
2022-08-30T19:36:56.248618496,READ,32968
2022-08-30T19:36:56.248647515,READ,16660
2022-08-30T19:36:56.248667542,READ,15363
2022-08-30T19:36:56.248687048,READ,14794
2022-08-30T19:36:56.248692967,READ,2073
2022-08-30T19:36:56.248711391,READ,14594
2022-08-30T19:36:56.248730410,READ,14829
2022-08-30T19:36:56.248749181,READ,14496
2022-08-30T19:36:56.248754573,READ,1675
2022-08-30T19:36:56.248772723,READ,14678
2022-08-30T19:36:56.248807214,READ,30255
2022-08-30T19:36:56.248843083,READ,31378
2022-08-30T19:36:56.248872710,READ,1751
2022-08-30T19:36:56.248890020,READ,13861
2022-08-30T19:36:56.248908055,READ,14040
2022-08-30T19:36:56.248926430,READ,14279
2022-08-30T19:36:56.248931858,READ,1638
2022-08-30T19:36:56.248949034,READ,13937
2022-08-30T19:36:56.248967068,READ,14001
2022-08-30T19:36:56.248985027,READ,14008
2022-08-30T19:36:56.248990464,READ,1648
2022-08-30T19:36:56.249007792,READ,13795
2022-08-30T19:36:56.249026135,READ,13721
2022-08-30T19:36:56.249043904,READ,13673
2022-08-30T19:36:56.249049486,READ,1755
2022-08-30T19:36:56.249066242,READ,13615
2022-08-30T19:36:56.249083792,READ,13649
2022-08-30T19:36:56.249101645,READ,13718
2022-08-30T19:36:56.249107270,READ,1689
2022-08-30T19:36:56.249124295,READ,13746
2022-08-30T19:36:56.249142133,READ,13792
2022-08-30T19:36:56.249160215,READ,13995
2022-08-30T19:36:56.249165791,READ,1661
2022-08-30T19:36:56.249183677,READ,13723
2022-08-30T19:36:56.249201156,READ,13762
2022-08-30T19:36:56.249218956,READ,13798
2022-08-30T19:36:56.249236783,READ,13722
2022-08-30T19:36:56.249241790,READ,1619
2022-08-30T19:36:56.249259310,READ,13850
2022-08-30T19:36:56.249277078,READ,13758
2022-08-30T19:36:56.249295011,READ,13903
2022-08-30T19:36:56.249299906,READ,1676
2022-08-30T19:36:56.249318121,READ,14072
2022-08-30T19:36:56.249336465,READ,14112
2022-08-30T19:36:56.249354611,READ,13877
2022-08-30T19:36:56.249359928,READ,1736
2022-08-30T19:36:56.249376958,READ,13819
2022-08-30T19:36:56.249394633,READ,13790
2022-08-30T19:36:56.249412376,READ,13763
2022-08-30T19:36:56.249417485,READ,1654
2022-08-30T19:36:56.249434709,READ,13779
2022-08-30T19:36:56.249453020,READ,13922
2022-08-30T19:36:56.249470787,READ,13815
2022-08-30T19:36:56.249475978,READ,1643
2022-08-30T19:36:56.249493415,READ,14022
2022-08-30T19:36:56.249511377,READ,13968
2022-08-30T19:36:56.249529168,READ,13825
2022-08-30T19:36:56.249534571,READ,1654
2022-08-30T19:36:56.249551805,READ,13758
2022-08-30T19:36:56.249569500,READ,13843
2022-08-30T19:36:56.249603105,READ,29408
2022-08-30T19:36:56.249608345,READ,1605
2022-08-30T19:36:56.249642770,READ,31294
2022-08-30T19:36:56.249660573,READ,13861
2022-08-30T19:36:56.249678257,READ,13744
2022-08-30T19:36:56.249683687,READ,1662
2022-08-30T19:36:56.249700832,READ,13981
2022-08-30T19:36:56.249718632,READ,13872
2022-08-30T19:36:56.249736917,READ,14041
2022-08-30T19:36:56.249755393,READ,13980
2022-08-30T19:36:56.249761321,READ,1648
2022-08-30T19:36:56.249778939,READ,13871
2022-08-30T19:36:56.249797220,READ,13948
2022-08-30T19:36:56.249815814,READ,13860
2022-08-30T19:36:56.249821560,READ,1630
2022-08-30T19:36:56.249838625,READ,13804
2022-08-30T19:36:56.249857198,READ,13927
2022-08-30T19:36:56.249875304,READ,13878
2022-08-30T19:36:56.249880096,READ,1682
2022-08-30T19:36:56.249897414,READ,14070
2022-08-30T19:36:56.249915212,READ,13891
2022-08-30T19:36:56.249946127,READ,13837
2022-08-30T19:36:56.249951691,READ,1973
2022-08-30T19:36:56.249968907,READ,13585
2022-08-30T19:36:56.249987652,READ,13728
2022-08-30T19:36:56.250005421,READ,13670
2022-08-30T19:36:56.250010616,READ,1626
2022-08-30T19:36:56.250027574,READ,13683
2022-08-30T19:36:56.250045186,READ,13759
2022-08-30T19:36:56.250062885,READ,13652
2022-08-30T19:36:56.250068035,READ,1678
2022-08-30T19:36:56.250085079,READ,13753
2022-08-30T19:36:56.250102607,READ,13808
2022-08-30T19:36:56.250120315,READ,13835
2022-08-30T19:36:56.250137394,READ,1748
2022-08-30T19:36:56.250154348,READ,13882
2022-08-30T19:36:56.250187595,READ,13614
2022-08-30T19:36:56.250204632,READ,13339
2022-08-30T19:36:56.250209820,READ,1595
2022-08-30T19:36:56.250226012,READ,13293
2022-08-30T19:36:56.250256997,READ,13221
2022-08-30T19:36:56.250291415,READ,30696
2022-08-30T19:36:56.250297111,READ,1627
2022-08-30T19:36:56.250313764,READ,13656
2022-08-30T19:36:56.250331263,READ,13718
2022-08-30T19:36:56.250340622,READ,1724
2022-08-30T19:36:56.250345216,READ,1544
2022-08-30T19:36:56.260500628,OPENAT,11311
2022-08-30T19:36:56.260511606,READ,3745
2022-08-30T19:36:56.260902603,OPENAT,11918
2022-08-30T19:36:56.260942678,READ,7853
2022-08-30T19:36:56.260949301,READ,1970
2022-08-30T19:36:56.261184265,OPENAT,8580
2022-08-30T19:36:56.261376943,OPENAT,11328
2022-08-30T19:36:56.261405117,READ,4393
2022-08-30T19:36:56.261410831,READ,1848
2022-08-30T19:36:56.261718867,OPENAT,11199
2022-08-30T19:36:56.261751531,READ,5487
2022-08-30T19:36:56.261759045,READ,2157
2022-08-30T19:36:56.261985654,OPENAT,10442
2022-08-30T19:36:56.262017028,READ,4793
2022-08-30T19:36:56.262037246,READ,2009
2022-08-30T19:36:56.262257214,OPENAT,27918
2022-08-30T19:36:56.262296403,READ,4703
2022-08-30T19:36:56.262303580,READ,2216
2022-08-30T19:36:56.262572216,OPENAT,10671
2022-08-30T19:36:56.262595429,READ,4291
2022-08-30T19:36:56.262602257,READ,1985
2022-08-30T19:36:56.262784606,OPENAT,8267
2022-08-30T19:36:56.262904971,OPENAT,10582
2022-08-30T19:36:56.262914774,READ,4554
2022-08-30T19:36:56.263000426,OPENAT,6840
2022-08-30T19:36:56.263012344,OPENAT,4216
2022-08-30T19:36:56.263024243,OPENAT,4247
2022-08-30T19:36:56.263034855,OPENAT,4218
2022-08-30T19:36:56.263045019,OPENAT,4280
2022-08-30T19:36:56.263054161,OPENAT,3681
2022-08-30T19:36:56.263063625,OPENAT,3946
2022-08-30T19:36:56.263078515,OPENAT,8888
2022-08-30T19:36:56.263085274,READ,3612
2022-08-30T19:36:56.264307050,OPENAT,11749
2022-08-30T19:36:56.264317787,READ,4898
2022-08-30T19:36:56.264889283,OPENAT,27536
2022-08-30T19:36:56.264952751,READ,35560
2022-08-30T19:36:56.264959578,READ,2062
2022-08-30T19:36:56.265542247,OPENAT,10877
2022-08-30T19:36:56.265565707,READ,5290
2022-08-30T19:36:56.265573252,READ,2039
2022-08-30T19:36:56.266783430,OPENAT,12091
2022-08-30T19:36:56.266812812,READ,5015
2022-08-30T19:36:56.266820179,READ,1971
2022-08-30T19:36:56.267047079,OPENAT,8895
2022-08-30T19:36:56.267291892,OPENAT,11093
2022-08-30T19:36:56.267361494,READ,45590
2022-08-30T19:36:56.267369627,READ,2205
2022-08-30T19:36:56.267683601,OPENAT,10701
2022-08-30T19:36:56.267715000,READ,5557
2022-08-30T19:36:56.267721513,READ,2069
2022-08-30T19:36:56.267951955,OPENAT,10676
2022-08-30T19:36:56.267961912,READ,4377
2022-08-30T19:36:56.268807559,OPENAT,26941
2022-08-30T19:36:56.268890874,READ,52727
2022-08-30T19:36:56.268898821,READ,2323
2022-08-30T19:36:56.270039332,OPENAT,11488
2022-08-30T19:36:56.270050036,READ,4703
2022-08-30T19:36:56.271964964,OPENAT,12193
2022-08-30T19:36:56.271991652,READ,5114
2022-08-30T19:36:56.271997862,READ,2050
2022-08-30T19:36:56.272180718,OPENAT,8261
2022-08-30T19:36:56.272366582,OPENAT,11047
2022-08-30T19:36:56.272399072,READ,9551
2022-08-30T19:36:56.272405425,READ,2122
2022-08-30T19:36:56.272672163,OPENAT,10618
2022-08-30T19:36:56.272697882,READ,5830
2022-08-30T19:36:56.272704864,READ,2193
2022-08-30T19:36:56.272949650,OPENAT,10036
2022-08-30T19:36:56.273001440,READ,28536
2022-08-30T19:36:56.273008128,READ,2249
2022-08-30T19:36:56.273555319,OPENAT,11449
2022-08-30T19:36:56.273583191,READ,7882
2022-08-30T19:36:56.273589976,READ,2029
2022-08-30T19:36:56.274470375,OPENAT,12479
2022-08-30T19:36:56.274498556,READ,4526
2022-08-30T19:36:56.274505233,READ,2001
2022-08-30T19:36:56.274744498,OPENAT,8006
2022-08-30T19:36:56.274894526,OPENAT,9612
2022-08-30T19:36:56.274932494,READ,18896
2022-08-30T19:36:56.274939868,READ,2286
2022-08-30T19:36:56.277079252,OPENAT,12009
2022-08-30T19:36:56.277138014,READ,32754
2022-08-30T19:36:56.277145118,READ,2081
2022-08-30T19:36:56.277739084,OPENAT,10905
2022-08-30T19:36:56.277775970,READ,4957
2022-08-30T19:36:56.277792782,READ,2238
2022-08-30T19:36:56.278165450,OPENAT,11144
2022-08-30T19:36:56.278186448,READ,4738
2022-08-30T19:36:56.283248142,OPENAT,12186
2022-08-30T19:36:56.283274734,READ,5157
2022-08-30T19:36:56.283280550,READ,1912
2022-08-30T19:36:56.283599651,OPENAT,10647
2022-08-30T19:36:56.283627034,READ,6385
2022-08-30T19:36:56.283633877,READ,2049
2022-08-30T19:36:56.283924302,OPENAT,9757
2022-08-30T19:36:56.283948716,READ,5243
2022-08-30T19:36:56.283955262,READ,1919
2022-08-30T19:36:56.284463753,OPENAT,11406
2022-08-30T19:36:56.284502898,READ,4640
2022-08-30T19:36:56.284521639,READ,2081
2022-08-30T19:36:56.284768003,OPENAT,10270
2022-08-30T19:36:56.284803645,READ,18172
2022-08-30T19:36:56.284809282,READ,2044
2022-08-30T19:36:56.285080352,OPENAT,13520
2022-08-30T19:36:56.285109812,READ,4934
2022-08-30T19:36:56.285116490,READ,2012
2022-08-30T19:36:56.286138513,OPENAT,11430
2022-08-30T19:36:56.286229547,READ,44026
2022-08-30T19:36:56.286237414,READ,2394
2022-08-30T19:36:56.286696525,OPENAT,10808
2022-08-30T19:36:56.286736787,READ,15233
2022-08-30T19:36:56.286742942,READ,1992
2022-08-30T19:36:56.287074760,OPENAT,10930
2022-08-30T19:36:56.287098863,READ,5624
2022-08-30T19:36:56.287105270,READ,2157
2022-08-30T19:36:56.287333335,OPENAT,11182
2022-08-30T19:36:56.287454251,READ,96858
2022-08-30T19:36:56.287462676,READ,2420
2022-08-30T19:36:56.287947113,OPENAT,10997
2022-08-30T19:36:56.288054233,READ,6133
2022-08-30T19:36:56.288061760,READ,1987
2022-08-30T19:36:56.288342918,OPENAT,10825
2022-08-30T19:36:56.288368979,READ,5792
2022-08-30T19:36:56.288375879,READ,2107
2022-08-30T19:36:56.293637514,OPENAT,12094
2022-08-30T19:36:56.293667451,READ,8416
2022-08-30T19:36:56.293674101,READ,2028
2022-08-30T19:36:56.295866136,OPENAT,12043
2022-08-30T19:36:56.295905920,READ,17842
2022-08-30T19:36:56.295913029,READ,2070
2022-08-30T19:36:56.297381991,OPENAT,12463
2022-08-30T19:36:56.297466899,READ,55709
2022-08-30T19:36:56.297474969,READ,2365
2022-08-30T19:36:56.302369775,OPENAT,12297
2022-08-30T19:36:56.302402592,READ,11240
2022-08-30T19:36:56.302409384,READ,1950
2022-08-30T19:36:56.302964078,OPENAT,27122
2022-08-30T19:36:56.302993725,READ,7739
2022-08-30T19:36:56.303000885,READ,2013
2022-08-30T19:36:56.303379483,OPENAT,11919
2022-08-30T19:36:56.303415647,READ,12076
2022-08-30T19:36:56.303422391,READ,2143
2022-08-30T19:36:56.304069545,OPENAT,12091
2022-08-30T19:36:56.304097492,READ,6267
2022-08-30T19:36:56.304104157,READ,1996
2022-08-30T19:36:56.304376378,OPENAT,11511
2022-08-30T19:36:56.304409687,READ,9577
2022-08-30T19:36:56.304416637,READ,1958
2022-08-30T19:36:56.304840930,OPENAT,11171
2022-08-30T19:36:56.304889890,READ,24855
2022-08-30T19:36:56.304897581,READ,2111
2022-08-30T19:36:56.305618214,OPENAT,11963
2022-08-30T19:36:56.305815925,READ,149267
2022-08-30T19:36:56.305824599,READ,2330
2022-08-30T19:36:56.307161741,OPENAT,12172
2022-08-30T19:36:56.307174139,READ,5705
2022-08-30T19:36:56.308595992,OPENAT,12099
2022-08-30T19:36:56.308640158,READ,20859
2022-08-30T19:36:56.308647093,READ,1982
2022-08-30T19:36:56.308887480,OPENAT,10667
2022-08-30T19:36:56.308916355,READ,9061
2022-08-30T19:36:56.308923199,READ,2026
2022-08-30T19:36:56.309292132,OPENAT,10339
2022-08-30T19:36:56.309335430,READ,8063
2022-08-30T19:36:56.309341986,READ,1881
2022-08-30T19:36:56.312141034,OPENAT,12537
2022-08-30T19:36:56.312170335,READ,6214
2022-08-30T19:36:56.312177487,READ,2089
2022-08-30T19:36:56.312695242,OPENAT,11508
2022-08-30T19:36:56.312719766,READ,4649
2022-08-30T19:36:56.312726572,READ,1939
2022-08-30T19:36:56.312872287,OPENAT,8550
2022-08-30T19:36:56.313048629,OPENAT,10361
2022-08-30T19:36:56.313074717,READ,5957
2022-08-30T19:36:56.313080580,READ,1920
2022-08-30T19:36:56.313411990,OPENAT,11134
2022-08-30T19:36:56.313440213,READ,7667
2022-08-30T19:36:56.313447011,READ,2021
2022-08-30T19:36:56.313687375,OPENAT,10826
2022-08-30T19:36:56.313724173,READ,12984
2022-08-30T19:36:56.313731092,READ,2090
2022-08-30T19:36:56.313990365,OPENAT,10876
2022-08-30T19:36:56.314015514,READ,5501
2022-08-30T19:36:56.314022049,READ,2033
2022-08-30T19:36:56.316527971,OPENAT,12879
2022-08-30T19:36:56.316566732,READ,12951
2022-08-30T19:36:56.316573785,READ,2050
2022-08-30T19:36:56.316932037,OPENAT,11650
2022-08-30T19:36:56.316956803,READ,4446
2022-08-30T19:36:56.316963246,READ,2020
2022-08-30T19:36:56.317099382,OPENAT,9117
2022-08-30T19:36:56.317243351,OPENAT,9683
2022-08-30T19:36:56.317279020,READ,18361
2022-08-30T19:36:56.317284551,READ,1946
2022-08-30T19:36:56.317612153,OPENAT,11565
2022-08-30T19:36:56.317636894,READ,4539
2022-08-30T19:36:56.317643489,READ,1991
2022-08-30T19:36:56.317760892,OPENAT,8701
2022-08-30T19:36:56.317900556,OPENAT,9593
2022-08-30T19:36:56.317965844,READ,39246
2022-08-30T19:36:56.317972015,READ,1999
2022-08-30T19:36:56.318435695,OPENAT,11572
2022-08-30T19:36:56.318483146,READ,10713
2022-08-30T19:36:56.318489891,READ,2005
2022-08-30T19:36:56.319719388,OPENAT,12711
2022-08-30T19:36:56.319731702,READ,5636
2022-08-30T19:36:56.319990541,OPENAT,11538
2022-08-30T19:36:56.320000953,READ,4650
2022-08-30T19:36:56.322569978,OPENAT,12508
2022-08-30T19:36:56.322722085,READ,107196
2022-08-30T19:36:56.322731048,READ,2427
2022-08-30T19:36:56.323368668,OPENAT,11552
2022-08-30T19:36:56.323401949,READ,11967
2022-08-30T19:36:56.323408930,READ,2041
2022-08-30T19:36:56.326901881,OPENAT,12386
2022-08-30T19:36:56.326936985,READ,13186
2022-08-30T19:36:56.326958684,READ,2168
2022-08-30T19:36:56.327994595,OPENAT,27510
2022-08-30T19:36:56.328033071,READ,16908
2022-08-30T19:36:56.328039955,READ,2017
2022-08-30T19:36:56.329783242,OPENAT,12267
2022-08-30T19:36:56.329817712,READ,13805
2022-08-30T19:36:56.329824555,READ,2037
2022-08-30T19:36:56.331516408,OPENAT,12620
2022-08-30T19:36:56.331573239,READ,34614
2022-08-30T19:36:56.331580530,READ,2129
2022-08-30T19:36:56.333129750,OPENAT,12288
2022-08-30T19:36:56.333174195,READ,10971
2022-08-30T19:36:56.333181312,READ,1964
2022-08-30T19:36:56.334265485,OPENAT,11492
2022-08-30T19:36:56.334297229,READ,10207
2022-08-30T19:36:56.334303880,READ,1993
2022-08-30T19:36:56.335466620,OPENAT,12280
2022-08-30T19:36:56.335508990,READ,20511
2022-08-30T19:36:56.335515365,READ,2091
2022-08-30T19:36:56.336016145,OPENAT,27726
2022-08-30T19:36:56.336047817,READ,10531
2022-08-30T19:36:56.336054811,READ,1947
2022-08-30T19:36:56.336386906,OPENAT,36636
2022-08-30T19:36:56.336413785,READ,8439
2022-08-30T19:36:56.336419786,READ,1990
2022-08-30T19:36:56.336794146,OPENAT,28383
2022-08-30T19:36:56.336825547,READ,10442
2022-08-30T19:36:56.336832191,READ,2037
2022-08-30T19:36:56.337995339,OPENAT,12149
2022-08-30T19:36:56.338028196,READ,11351
2022-08-30T19:36:56.338035301,READ,2022
2022-08-30T19:36:56.338311322,OPENAT,10876
2022-08-30T19:36:56.338335025,READ,4379
2022-08-30T19:36:56.338341393,READ,1904
2022-08-30T19:36:56.338513020,OPENAT,10871
2022-08-30T19:36:56.338522683,READ,4379
2022-08-30T19:36:56.340555189,OPENAT,13157
2022-08-30T19:36:56.340585297,READ,6829
2022-08-30T19:36:56.340591353,READ,2053
2022-08-30T19:36:56.340849477,OPENAT,10301
2022-08-30T19:36:56.340883961,READ,11768
2022-08-30T19:36:56.340890713,READ,1943
2022-08-30T19:36:56.341316785,OPENAT,11979
2022-08-30T19:36:56.341342574,READ,6172
2022-08-30T19:36:56.341349860,READ,2011
2022-08-30T19:36:56.341763330,OPENAT,11729
2022-08-30T19:36:56.341788493,READ,6020
2022-08-30T19:36:56.341794230,READ,1916
2022-08-30T19:36:56.341934468,OPENAT,8196
2022-08-30T19:36:56.342079340,OPENAT,9903
2022-08-30T19:36:56.342134538,READ,29446
2022-08-30T19:36:56.342141770,READ,2186
2022-08-30T19:36:56.342381056,OPENAT,11145
2022-08-30T19:36:56.342390971,READ,4579
2022-08-30T19:36:56.344056704,OPENAT,29298
2022-08-30T19:36:56.344085392,READ,6325
2022-08-30T19:36:56.344092653,READ,2044
2022-08-30T19:36:56.344584090,OPENAT,12257
2022-08-30T19:36:56.344608755,READ,4717
2022-08-30T19:36:56.344615784,READ,1865
2022-08-30T19:36:56.344751797,OPENAT,8469
2022-08-30T19:36:56.344892718,OPENAT,9856
2022-08-30T19:36:56.344946815,READ,29128
2022-08-30T19:36:56.344953856,READ,2129
2022-08-30T19:36:56.345248331,OPENAT,10612
2022-08-30T19:36:56.345276103,READ,9653
2022-08-30T19:36:56.345281831,READ,1956
2022-08-30T19:36:56.345784237,OPENAT,11460
2022-08-30T19:36:56.345837380,READ,25958
2022-08-30T19:36:56.345844953,READ,2076
2022-08-30T19:36:56.346411277,OPENAT,11889
2022-08-30T19:36:56.346465076,READ,28768
2022-08-30T19:36:56.346472454,READ,2165
2022-08-30T19:36:56.346962291,OPENAT,28246
2022-08-30T19:36:56.347008040,READ,16857
2022-08-30T19:36:56.347015311,READ,2063
2022-08-30T19:36:56.347503971,OPENAT,11498
2022-08-30T19:36:56.347596762,READ,36985
2022-08-30T19:36:56.347605735,READ,1998
2022-08-30T19:36:56.348027511,OPENAT,11759
2022-08-30T19:36:56.348081711,READ,18759
2022-08-30T19:36:56.348090554,READ,2091
2022-08-30T19:36:56.348501930,OPENAT,12053
2022-08-30T19:36:56.348580410,READ,37098
2022-08-30T19:36:56.348588971,READ,2131
2022-08-30T19:36:56.349041426,OPENAT,12074
2022-08-30T19:36:56.349095799,READ,12307
2022-08-30T19:36:56.349107701,READ,2058
2022-08-30T19:36:56.349293276,OPENAT,8511
2022-08-30T19:36:56.349470831,OPENAT,10519
2022-08-30T19:36:56.349506383,READ,4731
2022-08-30T19:36:56.349514429,READ,1967
2022-08-30T19:36:56.349660166,OPENAT,11498
2022-08-30T19:36:56.349671522,READ,4553
2022-08-30T19:36:56.350375335,OPENAT,15148
2022-08-30T19:36:56.350387620,READ,5515
2022-08-30T19:36:56.350777034,OPENAT,12011
2022-08-30T19:36:56.350789390,READ,5026
2022-08-30T19:36:56.351933447,OPENAT,12167
2022-08-30T19:36:56.351985958,READ,5471
2022-08-30T19:36:56.351994803,READ,2069
2022-08-30T19:36:56.352210949,OPENAT,9903
2022-08-30T19:36:56.352260378,READ,15426
2022-08-30T19:36:56.352269062,READ,2019
2022-08-30T19:36:56.352589536,OPENAT,11009
2022-08-30T19:36:56.352599687,READ,4508
2022-08-30T19:36:56.352987049,OPENAT,10581
2022-08-30T19:36:56.353024656,READ,5591
2022-08-30T19:36:56.353032791,READ,1986
2022-08-30T19:36:56.353274680,OPENAT,11327
2022-08-30T19:36:56.353285981,READ,4283
2022-08-30T19:36:56.353370274,OPENAT,8740
2022-08-30T19:36:56.353379181,READ,3298
2022-08-30T19:36:56.354176242,OPENAT,12097
2022-08-30T19:36:56.354220283,READ,5512
2022-08-30T19:36:56.354229811,READ,2037
2022-08-30T19:36:56.354547682,OPENAT,23982
2022-08-30T19:36:56.354558071,READ,4384
2022-08-30T19:36:56.354872994,OPENAT,10976
2022-08-30T19:36:56.354884783,READ,4363
2022-08-30T19:36:56.355596286,OPENAT,12942
2022-08-30T19:36:56.355609174,READ,5179
