2022-08-30T19:36:55.582607638,OPENAT,31474
2022-08-30T19:36:55.583009556,OPENAT,5938
2022-08-30T19:36:55.583022602,OPENAT,3145
2022-08-30T19:36:55.583031037,OPENAT,3015
2022-08-30T19:36:55.583039170,OPENAT,2908
2022-08-30T19:36:55.583047710,OPENAT,3205
2022-08-30T19:36:55.583056957,OPENAT,2959
2022-08-30T19:36:55.583065384,OPENAT,3040
2022-08-30T19:36:55.583073316,OPENAT,2992
2022-08-30T19:36:55.583084655,OPENAT,3605
2022-08-30T19:36:55.583093034,OPENAT,2710
2022-08-30T19:36:55.583100428,OPENAT,2672
2022-08-30T19:36:55.583107665,OPENAT,2561
2022-08-30T19:36:55.583115391,OPENAT,2756
2022-08-30T19:36:55.583123272,OPENAT,2915
2022-08-30T19:36:55.583132247,OPENAT,2630
2022-08-30T19:36:55.583139750,OPENAT,2483
2022-08-30T19:36:55.583147806,OPENAT,2880
2022-08-30T19:36:55.583157193,OPENAT,2734
2022-08-30T19:36:55.583164934,OPENAT,2704
2022-08-30T19:36:55.583172933,OPENAT,2643
2022-08-30T19:36:55.583181042,OPENAT,2677
2022-08-30T19:36:55.583190110,OPENAT,2573
2022-08-30T19:36:55.583214356,OPENAT,18882
2022-08-30T19:36:55.583221930,OPENAT,2244
2022-08-30T19:36:55.583232728,OPENAT,5787
2022-08-30T19:36:55.583300324,OPENAT,7215
2022-08-30T19:36:55.583310257,READ,4968
2022-08-30T19:36:55.583362705,OPENAT,4018
2022-08-30T19:36:55.583375564,OPENAT,6476
2022-08-30T19:36:55.583398262,READ,2893
2022-08-30T19:36:55.583440626,OPENAT,3578
2022-08-30T19:36:55.583453154,OPENAT,6259
2022-08-30T19:36:55.583459719,READ,2619
2022-08-30T19:36:55.583492324,OPENAT,3397
2022-08-30T19:36:55.583505271,OPENAT,6098
2022-08-30T19:36:55.583510964,READ,2587
2022-08-30T19:36:55.583557091,OPENAT,3305
2022-08-30T19:36:55.583569593,OPENAT,5865
2022-08-30T19:36:55.583576474,READ,2578
2022-08-30T19:36:55.583609292,OPENAT,3465
2022-08-30T19:36:55.583621957,OPENAT,5806
2022-08-30T19:36:55.583628502,READ,2533
2022-08-30T19:36:55.584135988,OPENAT,5363
2022-08-30T19:36:55.584146677,OPENAT,3066
2022-08-30T19:36:55.584159454,OPENAT,6799
2022-08-30T19:36:55.584208343,OPENAT,10865
2022-08-30T19:36:55.584379269,OPENAT,3762
2022-08-30T19:36:55.584388545,OPENAT,2416
2022-08-30T19:36:55.584480067,OPENAT,5872
2022-08-30T19:36:55.584493283,READ,3734
2022-08-30T19:36:55.588422156,OPENAT,6357
2022-08-30T19:36:55.588725592,OPENAT,8039
2022-08-30T19:36:55.589223651,OPENAT,11360
2022-08-30T19:36:55.589259456,READ,5254
2022-08-30T19:36:55.589266816,READ,1962
2022-08-30T19:36:55.589490969,OPENAT,10236
2022-08-30T19:36:55.589560076,READ,14858
2022-08-30T19:36:55.589565490,READ,1872
2022-08-30T19:36:55.590161014,OPENAT,8187
2022-08-30T19:36:55.590473975,OPENAT,10069
2022-08-30T19:36:55.590503337,READ,5015
2022-08-30T19:36:55.590510061,READ,2002
2022-08-30T19:36:55.590957518,OPENAT,46173
2022-08-30T19:36:55.590988188,READ,4721
2022-08-30T19:36:55.590995156,READ,1919
2022-08-30T19:36:55.591604921,OPENAT,10628
2022-08-30T19:36:55.591634433,READ,4674
2022-08-30T19:36:55.591640425,READ,1932
2022-08-30T19:36:55.591999672,OPENAT,9224
2022-08-30T19:36:55.592037892,READ,4058
2022-08-30T19:36:55.592044177,READ,1703
2022-08-30T19:36:55.592209539,OPENAT,8832
2022-08-30T19:36:55.592240783,READ,4303
2022-08-30T19:36:55.592247176,READ,1745
2022-08-30T19:36:55.592996172,OPENAT,27716
2022-08-30T19:36:55.593037707,READ,12081
2022-08-30T19:36:55.593047302,READ,2869
2022-08-30T19:36:55.593334161,OPENAT,10693
2022-08-30T19:36:55.593389655,READ,15483
2022-08-30T19:36:55.593396409,READ,1853
2022-08-30T19:36:55.593814022,OPENAT,10658
2022-08-30T19:36:55.593841785,READ,6546
2022-08-30T19:36:55.593850768,READ,2111
2022-08-30T19:36:55.594383623,OPENAT,10994
2022-08-30T19:36:55.594417189,READ,7640
2022-08-30T19:36:55.594424572,READ,2139
2022-08-30T19:36:55.596195017,OPENAT,10708
2022-08-30T19:36:55.596222100,READ,5434
2022-08-30T19:36:55.596230359,READ,2738
2022-08-30T19:36:55.596545493,OPENAT,10294
2022-08-30T19:36:55.596573486,READ,6300
2022-08-30T19:36:55.596582048,READ,2136
2022-08-30T19:36:55.597231650,OPENAT,11154
2022-08-30T19:36:55.597257735,READ,4696
2022-08-30T19:36:55.597264453,READ,2000
2022-08-30T19:36:55.597591589,OPENAT,9068
2022-08-30T19:36:55.597818103,OPENAT,10612
2022-08-30T19:36:55.597963639,OPENAT,8972
2022-08-30T19:36:55.597989189,READ,4764
2022-08-30T19:36:55.597995613,READ,1996
2022-08-30T19:36:55.598195819,READ,4973
2022-08-30T19:36:55.598513141,READ,5219
2022-08-30T19:36:55.598717443,OPENAT,8452
2022-08-30T19:36:55.598881546,OPENAT,6736
2022-08-30T19:36:55.599340279,OPENAT,8220
2022-08-30T19:36:55.599368069,READ,4396
2022-08-30T19:36:55.599406173,READ,2742
2022-08-30T19:36:55.599412332,READ,1680
2022-08-30T19:36:55.599495449,OPENAT,6347
2022-08-30T19:36:55.599518661,READ,3499
2022-08-30T19:36:55.599543804,READ,2462
2022-08-30T19:36:55.600135689,READ,3795
2022-08-30T19:36:55.600147955,READ,1724
2022-08-30T19:36:55.600709809,OPENAT,8077
2022-08-30T19:36:55.600986224,OPENAT,10465
2022-08-30T19:36:55.601025995,READ,13908
2022-08-30T19:36:55.601032530,READ,2125
2022-08-30T19:36:55.601318743,OPENAT,10236
2022-08-30T19:36:55.601349373,READ,6782
2022-08-30T19:36:55.601356367,READ,2023
2022-08-30T19:36:55.601685208,OPENAT,10078
2022-08-30T19:36:55.601724264,READ,14634
2022-08-30T19:36:55.601731094,READ,2035
2022-08-30T19:36:55.602327172,OPENAT,10225
2022-08-30T19:36:55.602356849,READ,7662
2022-08-30T19:36:55.602365322,READ,2959
2022-08-30T19:36:55.602865975,OPENAT,10152
2022-08-30T19:36:55.602901402,READ,4471
2022-08-30T19:36:55.602913422,READ,1900
2022-08-30T19:36:55.603154240,OPENAT,9875
2022-08-30T19:36:55.603178679,READ,5351
2022-08-30T19:36:55.603185437,READ,1957
2022-08-30T19:36:55.603433537,OPENAT,10402
2022-08-30T19:36:55.603457226,READ,4198
2022-08-30T19:36:55.603958716,OPENAT,10379
2022-08-30T19:36:55.603984471,READ,4880
2022-08-30T19:36:55.603991657,READ,1899
2022-08-30T19:36:55.604834139,OPENAT,10368
2022-08-30T19:36:55.604873019,READ,12002
2022-08-30T19:36:55.604879821,READ,1936
2022-08-30T19:36:55.605154052,OPENAT,9737
2022-08-30T19:36:55.605194254,READ,15671
2022-08-30T19:36:55.605201110,READ,1990
2022-08-30T19:36:55.606230303,OPENAT,10399
2022-08-30T19:36:55.606255632,READ,5081
2022-08-30T19:36:55.606262080,READ,1866
2022-08-30T19:36:55.607231916,OPENAT,11091
2022-08-30T19:36:55.607259387,READ,5907
2022-08-30T19:36:55.607266271,READ,2034
2022-08-30T19:36:55.607656068,OPENAT,10567
2022-08-30T19:36:55.607733486,READ,33328
2022-08-30T19:36:55.607742329,READ,2141
2022-08-30T19:36:55.608100334,OPENAT,25510
2022-08-30T19:36:55.608151065,READ,31954
2022-08-30T19:36:55.608156943,READ,2012
2022-08-30T19:36:55.608938972,OPENAT,14683
2022-08-30T19:36:55.608984675,READ,17442
2022-08-30T19:36:55.608991646,READ,2131
2022-08-30T19:36:55.610236708,OPENAT,11099
2022-08-30T19:36:55.610263073,READ,4853
2022-08-30T19:36:55.610269577,READ,1840
2022-08-30T19:36:55.613947788,OPENAT,11154
2022-08-30T19:36:55.613982830,READ,8264
2022-08-30T19:36:55.613989838,READ,1847
2022-08-30T19:36:55.616168510,OPENAT,11167
2022-08-30T19:36:55.616207103,READ,12472
2022-08-30T19:36:55.616214311,READ,2097
2022-08-30T19:36:55.616566683,OPENAT,10431
2022-08-30T19:36:55.616576390,READ,4208
2022-08-30T19:36:55.616635193,OPENAT,5352
2022-08-30T19:36:55.616646331,OPENAT,3280
2022-08-30T19:36:55.616655499,OPENAT,3163
2022-08-30T19:36:55.616664857,OPENAT,3199
2022-08-30T19:36:55.616674639,OPENAT,3393
2022-08-30T19:36:55.616683695,OPENAT,3760
2022-08-30T19:36:55.616693615,OPENAT,3455
2022-08-30T19:36:55.616708607,OPENAT,8782
2022-08-30T19:36:55.616715933,READ,3058
2022-08-30T19:36:55.617122903,OPENAT,9789
2022-08-30T19:36:55.617155059,READ,4365
2022-08-30T19:36:55.617160632,READ,1814
2022-08-30T19:36:55.617342139,OPENAT,10098
2022-08-30T19:36:55.617350455,READ,4177
2022-08-30T19:36:55.618410578,OPENAT,9017
2022-08-30T19:36:55.618553549,OPENAT,10031
2022-08-30T19:36:55.618584503,READ,4800
2022-08-30T19:36:55.618591960,READ,1943
2022-08-30T19:36:55.618918056,OPENAT,8546
2022-08-30T19:36:55.619120451,OPENAT,10134
2022-08-30T19:36:55.619165466,READ,19813
2022-08-30T19:36:55.619172626,READ,2039
2022-08-30T19:36:55.619476392,OPENAT,10410
2022-08-30T19:36:55.619499325,READ,3898
2022-08-30T19:36:55.619505668,READ,1754
2022-08-30T19:36:55.619635700,OPENAT,7648
2022-08-30T19:36:55.619752523,OPENAT,8859
2022-08-30T19:36:55.619781271,READ,3977
2022-08-30T19:36:55.619787608,READ,1715
2022-08-30T19:36:55.619997204,OPENAT,10249
2022-08-30T19:36:55.620006015,READ,4065
2022-08-30T19:36:55.620325677,OPENAT,9527
2022-08-30T19:36:55.620371797,READ,5134
2022-08-30T19:36:55.620378527,READ,1791
2022-08-30T19:36:55.620609406,OPENAT,9209
2022-08-30T19:36:55.620646239,READ,15035
2022-08-30T19:36:55.620653428,READ,1913
2022-08-30T19:36:55.621227015,OPENAT,10775
2022-08-30T19:36:55.621253106,READ,4918
2022-08-30T19:36:55.621262754,READ,2093
2022-08-30T19:36:55.621879447,OPENAT,10569
2022-08-30T19:36:55.621889506,READ,4208
2022-08-30T19:36:55.622320882,OPENAT,14638
2022-08-30T19:36:55.622385060,READ,34888
2022-08-30T19:36:55.622392443,READ,2095
2022-08-30T19:36:55.623169022,OPENAT,10552
2022-08-30T19:36:55.623200886,READ,6537
2022-08-30T19:36:55.623207786,READ,2013
2022-08-30T19:36:55.625783376,OPENAT,10308
2022-08-30T19:36:55.625845007,READ,9805
2022-08-30T19:36:55.625852348,READ,2001
2022-08-30T19:36:55.626299010,OPENAT,12686
2022-08-30T19:36:55.626344424,READ,8376
2022-08-30T19:36:55.626351595,READ,2054
2022-08-30T19:36:55.626662976,OPENAT,9699
2022-08-30T19:36:55.626687229,READ,4327
2022-08-30T19:36:55.626693757,READ,1927
2022-08-30T19:36:55.626984907,OPENAT,50643
2022-08-30T19:36:55.627018364,READ,9597
2022-08-30T19:36:55.627025535,READ,2026
2022-08-30T19:36:55.627479051,OPENAT,9717
2022-08-30T19:36:55.627508062,READ,4351
2022-08-30T19:36:55.627514307,READ,1777
2022-08-30T19:36:55.629216059,OPENAT,11853
2022-08-30T19:36:55.629265368,READ,5090
2022-08-30T19:36:55.629271450,READ,1965
2022-08-30T19:36:55.629492639,OPENAT,8959
2022-08-30T19:36:55.629549831,READ,31632
2022-08-30T19:36:55.629557172,READ,2060
2022-08-30T19:36:55.630225927,OPENAT,9460
2022-08-30T19:36:55.630269341,READ,5701
2022-08-30T19:36:55.630276074,READ,1830
2022-08-30T19:36:55.630734899,OPENAT,9179
2022-08-30T19:36:55.630778719,READ,4784
2022-08-30T19:36:55.630785388,READ,1864
2022-08-30T19:36:55.631054710,OPENAT,10552
2022-08-30T19:36:55.631064554,READ,4312
2022-08-30T19:36:55.631825109,OPENAT,10708
2022-08-30T19:36:55.631852328,READ,5205
2022-08-30T19:36:55.631859211,READ,1970
2022-08-30T19:36:55.632038799,OPENAT,7586
2022-08-30T19:36:55.632165278,OPENAT,8909
2022-08-30T19:36:55.632188379,READ,4103
2022-08-30T19:36:55.632194900,READ,1850
2022-08-30T19:36:55.633931383,OPENAT,14699
2022-08-30T19:36:55.633960067,READ,6778
2022-08-30T19:36:55.633966914,READ,1877
2022-08-30T19:36:55.634381387,OPENAT,9339
2022-08-30T19:36:55.634424828,READ,19830
2022-08-30T19:36:55.634431591,READ,1955
2022-08-30T19:36:55.634870594,OPENAT,9869
2022-08-30T19:36:55.634895772,READ,4545
2022-08-30T19:36:55.634902686,READ,1944
2022-08-30T19:36:55.635228870,OPENAT,10652
2022-08-30T19:36:55.635239258,READ,4547
2022-08-30T19:36:55.635353764,OPENAT,9929
2022-08-30T19:36:55.635363646,READ,3048
2022-08-30T19:36:55.635659764,OPENAT,9292
2022-08-30T19:36:55.635683990,READ,5138
2022-08-30T19:36:55.635690402,READ,1854
2022-08-30T19:36:55.635980494,OPENAT,9769
2022-08-30T19:36:55.636004144,READ,4688
2022-08-30T19:36:55.636010789,READ,2003
2022-08-30T19:36:55.636335060,OPENAT,10563
2022-08-30T19:36:55.636344757,READ,4361
2022-08-30T19:36:55.636797051,OPENAT,10049
2022-08-30T19:36:55.636820561,READ,5262
2022-08-30T19:36:55.636826437,READ,1800
2022-08-30T19:36:55.637060496,OPENAT,9537
2022-08-30T19:36:55.637070206,READ,4017
2022-08-30T19:36:55.637128171,OPENAT,9595
2022-08-30T19:36:55.637136070,READ,3093
2022-08-30T19:36:55.637627785,OPENAT,26035
2022-08-30T19:36:55.637637660,READ,4235
2022-08-30T19:36:55.638237306,OPENAT,10247
2022-08-30T19:36:55.638275215,READ,11965
2022-08-30T19:36:55.638282943,READ,1919
2022-08-30T19:36:55.638623776,OPENAT,9411
2022-08-30T19:36:55.638647949,READ,4289
2022-08-30T19:36:55.638654555,READ,1903
2022-08-30T19:36:55.638829569,OPENAT,9949
2022-08-30T19:36:55.638838890,READ,4104
2022-08-30T19:36:55.639089297,OPENAT,10653
2022-08-30T19:36:55.639099007,READ,4252
2022-08-30T19:36:55.639360833,OPENAT,17205
2022-08-30T19:36:55.639370860,READ,4511
2022-08-30T19:36:55.639577396,OPENAT,8815
2022-08-30T19:36:55.639600801,READ,15285
2022-08-30T19:36:55.639779669,OPENAT,8984
2022-08-30T19:36:55.639812855,READ,9724
2022-08-30T19:36:55.639819567,READ,1933
2022-08-30T19:36:55.640611645,OPENAT,10678
2022-08-30T19:36:55.640637169,READ,4516
2022-08-30T19:36:55.640643970,READ,1869
2022-08-30T19:36:55.640881770,OPENAT,9395
2022-08-30T19:36:55.640934455,READ,24728
2022-08-30T19:36:55.640941893,READ,2063
2022-08-30T19:36:55.641431176,OPENAT,10292
2022-08-30T19:36:55.641456139,READ,4457
2022-08-30T19:36:55.641463698,READ,1804
2022-08-30T19:36:55.642972157,OPENAT,11362
2022-08-30T19:36:55.642986719,READ,4720
2022-08-30T19:36:55.643232629,OPENAT,10214
2022-08-30T19:36:55.643251790,READ,4243
2022-08-30T19:36:55.643553098,OPENAT,10048
2022-08-30T19:36:55.643586419,READ,6119
2022-08-30T19:36:55.643593409,READ,2104
2022-08-30T19:36:55.645166721,OPENAT,9071
2022-08-30T19:36:55.646223391,READ,175873
2022-08-30T19:36:55.646787828,READ,496245
2022-08-30T19:36:55.646813972,READ,2874
2022-08-30T19:36:55.647144229,OPENAT,14830
2022-08-30T19:36:55.647156625,READ,4555
2022-08-30T19:36:55.647229438,OPENAT,5667
2022-08-30T19:36:55.647245165,OPENAT,7757
2022-08-30T19:36:55.647269651,OPENAT,3163
2022-08-30T19:36:55.647279182,OPENAT,3225
2022-08-30T19:36:55.647288707,OPENAT,3262
2022-08-30T19:36:55.647310797,OPENAT,3176
2022-08-30T19:36:55.647320180,OPENAT,3280
2022-08-30T19:36:55.647329603,OPENAT,3467
2022-08-30T19:36:55.647341110,OPENAT,3893
2022-08-30T19:36:55.647351368,OPENAT,3879
2022-08-30T19:36:55.647361331,OPENAT,3657
2022-08-30T19:36:55.647371449,OPENAT,3911
2022-08-30T19:36:55.647381547,OPENAT,3775
2022-08-30T19:36:55.647407989,OPENAT,20092
2022-08-30T19:36:55.647418490,OPENAT,3824
2022-08-30T19:36:55.647432618,OPENAT,7226
2022-08-30T19:36:55.647440457,READ,3397
2022-08-30T19:36:55.647498568,OPENAT,4861
2022-08-30T19:36:55.647510746,OPENAT,7259
2022-08-30T19:36:55.647518334,READ,3068
2022-08-30T19:36:55.647570112,OPENAT,4686
2022-08-30T19:36:55.647581873,OPENAT,6763
2022-08-30T19:36:55.647589343,READ,3026
2022-08-30T19:36:55.647597038,READ,2006
2022-08-30T19:36:55.647669451,OPENAT,4454
2022-08-30T19:36:55.647682969,OPENAT,8546
2022-08-30T19:36:55.647690594,READ,3232
2022-08-30T19:36:55.647711552,READ,2135
2022-08-30T19:36:55.647721375,READ,2053
2022-08-30T19:36:55.647774740,OPENAT,4672
2022-08-30T19:36:55.647787130,OPENAT,7688
2022-08-30T19:36:55.647794124,READ,2874
2022-08-30T19:36:55.647801408,READ,2091
2022-08-30T19:36:55.647812277,READ,2070
2022-08-30T19:36:55.647860105,OPENAT,4535
2022-08-30T19:36:55.647872169,OPENAT,7604
2022-08-30T19:36:55.647878399,READ,2900
2022-08-30T19:36:55.647885734,READ,2071
2022-08-30T19:36:55.647897193,READ,2121
2022-08-30T19:36:55.647959816,OPENAT,4896
2022-08-30T19:36:55.647972765,OPENAT,7937
2022-08-30T19:36:55.647980018,READ,2915
2022-08-30T19:36:55.648001990,READ,2070
2022-08-30T19:36:55.648014782,READ,2112
2022-08-30T19:36:55.648065189,OPENAT,4743
2022-08-30T19:36:55.648077568,OPENAT,7871
2022-08-30T19:36:55.648084544,READ,2913
2022-08-30T19:36:55.648091871,READ,2036
2022-08-30T19:36:55.648101691,READ,2115
2022-08-30T19:36:55.648144040,OPENAT,4678
2022-08-30T19:36:55.648156269,OPENAT,7590
2022-08-30T19:36:55.648178843,READ,18394
2022-08-30T19:36:55.648240117,OPENAT,8993
2022-08-30T19:36:55.648247236,READ,2832
2022-08-30T19:36:55.648316643,OPENAT,7402
2022-08-30T19:36:55.648323679,READ,2779
2022-08-30T19:36:55.648383568,OPENAT,13077
2022-08-30T19:36:55.648390128,READ,2990
2022-08-30T19:36:55.648399213,READ,2224
2022-08-30T19:36:55.648412339,READ,2235
2022-08-30T19:36:55.668475114,OPENAT,27184
2022-08-30T19:36:55.668715629,OPENAT,4100
2022-08-30T19:36:55.668723523,OPENAT,1855
2022-08-30T19:36:55.671835195,OPENAT,40858
2022-08-30T19:36:55.671846205,READ,5958
2022-08-30T19:36:55.671986523,OPENAT,16422
2022-08-30T19:36:55.672000010,OPENAT,4490
2022-08-30T19:36:55.672011652,OPENAT,4152
2022-08-30T19:36:55.672022645,OPENAT,4392
2022-08-30T19:36:55.672032360,OPENAT,3821
2022-08-30T19:36:55.672041098,OPENAT,3407
2022-08-30T19:36:55.672054037,OPENAT,6128
2022-08-30T19:36:55.672067150,OPENAT,5822
2022-08-30T19:36:55.672085359,OPENAT,10689
2022-08-30T19:36:55.672092353,READ,3799
2022-08-30T19:36:55.672184844,OPENAT,10657
2022-08-30T19:36:55.672191552,READ,3378
2022-08-30T19:36:55.672263321,OPENAT,8380
2022-08-30T19:36:55.672269514,READ,2933
2022-08-30T19:36:55.672342663,OPENAT,9441
2022-08-30T19:36:55.672349377,READ,3371
2022-08-30T19:36:55.672434129,OPENAT,9929
2022-08-30T19:36:55.672441804,READ,4156
2022-08-30T19:36:55.672543614,OPENAT,9027
2022-08-30T19:36:55.672551414,READ,3468
2022-08-30T19:36:55.672619926,OPENAT,8599
2022-08-30T19:36:55.672627424,READ,3582
2022-08-30T19:36:55.672635893,READ,2269
2022-08-30T19:36:55.672789459,OPENAT,6955
2022-08-30T19:36:55.672823711,OPENAT,14989
2022-08-30T19:36:55.672831341,READ,4474
2022-08-30T19:36:55.672840404,READ,2942
2022-08-30T19:36:55.672853966,READ,2203
2022-08-30T19:36:55.672943018,OPENAT,5651
2022-08-30T19:36:55.672956027,OPENAT,9252
2022-08-30T19:36:55.672962276,READ,3132
2022-08-30T19:36:55.672968951,READ,2182
2022-08-30T19:36:55.672978350,READ,2143
2022-08-30T19:36:56.102560046,OPENAT,8476
2022-08-30T19:36:56.102571250,OPENAT,2084
2022-08-30T19:36:56.170182864,OPENAT,18329
2022-08-30T19:36:56.170198379,READ,7403
2022-08-30T19:36:56.170205703,READ,1655
2022-08-30T19:36:56.170225392,OPENAT,6529
2022-08-30T19:36:56.170233847,READ,3945
2022-08-30T19:36:56.170239410,READ,1521
2022-08-30T19:36:56.170253935,OPENAT,5483
2022-08-30T19:36:56.170261320,READ,3125
2022-08-30T19:36:56.170266674,READ,1503
2022-08-30T19:36:56.170280526,OPENAT,5071
2022-08-30T19:36:56.170287826,READ,3105
2022-08-30T19:36:56.170293259,READ,1509
2022-08-30T19:36:56.170306965,OPENAT,4952
2022-08-30T19:36:56.170314342,READ,3101
2022-08-30T19:36:56.170319771,READ,1503
2022-08-30T19:36:56.170681270,OPENAT,352855
2022-08-30T19:36:56.170724466,READ,39391
2022-08-30T19:36:56.170748188,READ,15088
2022-08-30T19:36:56.170767137,READ,14570
2022-08-30T19:36:56.170786393,READ,14667
2022-08-30T19:36:56.170805220,READ,14504
2022-08-30T19:36:56.170832988,READ,21278
2022-08-30T19:36:56.170851725,READ,14290
2022-08-30T19:36:56.170870779,READ,14395
2022-08-30T19:36:56.170889870,READ,14217
2022-08-30T19:36:56.170908729,READ,14375
2022-08-30T19:36:56.170932994,READ,19689
2022-08-30T19:36:56.170952046,READ,14460
2022-08-30T19:36:56.170970687,READ,14297
2022-08-30T19:36:56.171010888,READ,35915
2022-08-30T19:36:56.171046218,READ,31088
2022-08-30T19:36:56.171065063,READ,14204
2022-08-30T19:36:56.171083826,READ,14184
2022-08-30T19:36:56.171102551,READ,14153
2022-08-30T19:36:56.171121625,READ,14248
2022-08-30T19:36:56.171141487,READ,14217
2022-08-30T19:36:56.171160353,READ,14219
2022-08-30T19:36:56.171179989,READ,14203
2022-08-30T19:36:56.171198877,READ,14161
2022-08-30T19:36:56.171230263,READ,14276
2022-08-30T19:36:56.171248884,READ,14177
2022-08-30T19:36:56.171267076,READ,14173
2022-08-30T19:36:56.171285523,READ,14267
2022-08-30T19:36:56.171304052,READ,14226
2022-08-30T19:36:56.171332996,READ,24440
2022-08-30T19:36:56.171361528,READ,14373
2022-08-30T19:36:56.171380356,READ,14426
2022-08-30T19:36:56.171399638,READ,14375
2022-08-30T19:36:56.171418859,READ,14448
2022-08-30T19:36:56.171438228,READ,14163
2022-08-30T19:36:56.171458827,READ,14244
2022-08-30T19:36:56.171478210,READ,14292
2022-08-30T19:36:56.171497351,READ,14204
2022-08-30T19:36:56.171516254,READ,14216
2022-08-30T19:36:56.171535450,READ,14199
2022-08-30T19:36:56.171555199,READ,14188
2022-08-30T19:36:56.171574695,READ,14184
2022-08-30T19:36:56.171594272,READ,14183
2022-08-30T19:36:56.171613584,READ,14127
2022-08-30T19:36:56.171632267,READ,14124
2022-08-30T19:36:56.171651231,READ,14139
2022-08-30T19:36:56.171670206,READ,14167
2022-08-30T19:36:56.171689469,READ,14178
2022-08-30T19:36:56.171708374,READ,14158
2022-08-30T19:36:56.171727431,READ,14179
2022-08-30T19:36:56.171746756,READ,14178
2022-08-30T19:36:56.171765679,READ,14152
2022-08-30T19:36:56.171784754,READ,14141
2022-08-30T19:36:56.171803385,READ,14099
2022-08-30T19:36:56.171821788,READ,14120
2022-08-30T19:36:56.171840759,READ,14149
2022-08-30T19:36:56.171859987,READ,14177
2022-08-30T19:36:56.171878869,READ,14161
2022-08-30T19:36:56.171898082,READ,14274
2022-08-30T19:36:56.171916375,READ,14188
2022-08-30T19:36:56.171934914,READ,14147
2022-08-30T19:36:56.171953766,READ,14138
2022-08-30T19:36:56.171972847,READ,14202
2022-08-30T19:36:56.171991956,READ,14169
2022-08-30T19:36:56.172010936,READ,14117
2022-08-30T19:36:56.172030941,READ,14224
2022-08-30T19:36:56.172050340,READ,14193
2022-08-30T19:36:56.172069575,READ,14193
2022-08-30T19:36:56.172088782,READ,14176
2022-08-30T19:36:56.172107728,READ,14201
2022-08-30T19:36:56.172126561,READ,14147
2022-08-30T19:36:56.172145623,READ,14204
2022-08-30T19:36:56.172165059,READ,14185
2022-08-30T19:36:56.172200500,READ,30104
2022-08-30T19:36:56.172219112,READ,13711
2022-08-30T19:36:56.172237155,READ,13733
2022-08-30T19:36:56.172255246,READ,13748
2022-08-30T19:36:56.172273388,READ,13735
2022-08-30T19:36:56.172309485,READ,31528
2022-08-30T19:36:56.172328616,READ,14286
2022-08-30T19:36:56.172335255,READ,1762
2022-08-30T19:36:56.172340118,READ,1613
2022-08-30T19:36:56.248567979,OPENAT,2359714
2022-08-30T19:36:56.248618399,READ,32808
2022-08-30T19:36:56.248647389,READ,16492
2022-08-30T19:36:56.248667643,READ,15488
2022-08-30T19:36:56.248687185,READ,14620
2022-08-30T19:36:56.248692808,READ,1921
2022-08-30T19:36:56.248711112,READ,14472
2022-08-30T19:36:56.248730361,READ,14886
2022-08-30T19:36:56.248749080,READ,14320
2022-08-30T19:36:56.248754890,READ,1792
2022-08-30T19:36:56.248773039,READ,14288
2022-08-30T19:36:56.248807413,READ,30034
2022-08-30T19:36:56.248843313,READ,31070
2022-08-30T19:36:56.248873019,READ,1727
2022-08-30T19:36:56.248890671,READ,13738
2022-08-30T19:36:56.248908581,READ,13777
2022-08-30T19:36:56.248926488,READ,13700
2022-08-30T19:36:56.248932533,READ,1874
2022-08-30T19:36:56.248949519,READ,13590
2022-08-30T19:36:56.248967417,READ,13642
2022-08-30T19:36:56.248985421,READ,13683
2022-08-30T19:36:56.248991258,READ,1756
2022-08-30T19:36:56.249008426,READ,13566
2022-08-30T19:36:56.249026645,READ,13552
2022-08-30T19:36:56.249044149,READ,13579
2022-08-30T19:36:56.249050136,READ,1654
2022-08-30T19:36:56.249067032,READ,13620
2022-08-30T19:36:56.249084770,READ,13593
2022-08-30T19:36:56.249102740,READ,13709
2022-08-30T19:36:56.249108358,READ,1648
2022-08-30T19:36:56.249125231,READ,13630
2022-08-30T19:36:56.249143227,READ,13694
2022-08-30T19:36:56.249161606,READ,13774
2022-08-30T19:36:56.249167512,READ,1679
2022-08-30T19:36:56.249184342,READ,13601
2022-08-30T19:36:56.249201820,READ,13644
2022-08-30T19:36:56.249219619,READ,13653
2022-08-30T19:36:56.249237784,READ,13741
2022-08-30T19:36:56.249243427,READ,1637
2022-08-30T19:36:56.249260887,READ,13640
2022-08-30T19:36:56.249278650,READ,13640
2022-08-30T19:36:56.249296487,READ,13629
2022-08-30T19:36:56.249301497,READ,1725
2022-08-30T19:36:56.249319865,READ,13766
2022-08-30T19:36:56.249337501,READ,13777
2022-08-30T19:36:56.249355435,READ,13682
2022-08-30T19:36:56.249360578,READ,1619
2022-08-30T19:36:56.249378042,READ,13685
2022-08-30T19:36:56.249396092,READ,13719
2022-08-30T19:36:56.249414274,READ,13711
2022-08-30T19:36:56.249419707,READ,1641
2022-08-30T19:36:56.249436930,READ,13554
2022-08-30T19:36:56.249454667,READ,13708
2022-08-30T19:36:56.249472793,READ,13679
2022-08-30T19:36:56.249478193,READ,1677
2022-08-30T19:36:56.249495167,READ,13644
2022-08-30T19:36:56.249513156,READ,13637
2022-08-30T19:36:56.249530858,READ,13613
2022-08-30T19:36:56.249536479,READ,1625
2022-08-30T19:36:56.249553477,READ,13664
2022-08-30T19:36:56.249571146,READ,13701
2022-08-30T19:36:56.249604778,READ,29394
2022-08-30T19:36:56.249610550,READ,1667
2022-08-30T19:36:56.249645161,READ,13584
2022-08-30T19:36:56.249663040,READ,13586
2022-08-30T19:36:56.249680835,READ,13562
2022-08-30T19:36:56.249686845,READ,1690
2022-08-30T19:36:56.249703797,READ,13575
2022-08-30T19:36:56.249722134,READ,13568
2022-08-30T19:36:56.249740395,READ,13623
2022-08-30T19:36:56.249758483,READ,13583
2022-08-30T19:36:56.249763967,READ,1761
2022-08-30T19:36:56.249781185,READ,13741
2022-08-30T19:36:56.249801090,READ,13714
2022-08-30T19:36:56.249819928,READ,13623
2022-08-30T19:36:56.249825404,READ,1648
2022-08-30T19:36:56.249843144,READ,13584
2022-08-30T19:36:56.249861227,READ,13672
2022-08-30T19:36:56.249879680,READ,13673
2022-08-30T19:36:56.249884770,READ,1632
2022-08-30T19:36:56.249903365,READ,13573
2022-08-30T19:36:56.249921190,READ,13661
2022-08-30T19:36:56.249945832,READ,13610
2022-08-30T19:36:56.249951007,READ,1679
2022-08-30T19:36:56.249968281,READ,13609
2022-08-30T19:36:56.249985909,READ,13762
2022-08-30T19:36:56.250004074,READ,14132
2022-08-30T19:36:56.250009406,READ,1735
2022-08-30T19:36:56.250026577,READ,13611
2022-08-30T19:36:56.250044501,READ,13768
2022-08-30T19:36:56.250062461,READ,13774
2022-08-30T19:36:56.250068141,READ,1703
2022-08-30T19:36:56.250085159,READ,13610
2022-08-30T19:36:56.250102789,READ,13641
2022-08-30T19:36:56.250120503,READ,13668
2022-08-30T19:36:56.250137489,READ,1722
2022-08-30T19:36:56.250154254,READ,13658
2022-08-30T19:36:56.250186919,READ,13255
2022-08-30T19:36:56.250203943,READ,13213
2022-08-30T19:36:56.250209592,READ,1579
2022-08-30T19:36:56.250225681,READ,13181
2022-08-30T19:36:56.250242540,READ,13176
2022-08-30T19:36:56.250259356,READ,13161
2022-08-30T19:36:56.250281994,READ,1646
2022-08-30T19:36:56.250298729,READ,13740
2022-08-30T19:36:56.250316557,READ,14004
2022-08-30T19:36:56.250322454,READ,1710
2022-08-30T19:36:56.250326964,READ,1558
2022-08-30T19:36:56.260400540,OPENAT,11538
2022-08-30T19:36:56.260409745,READ,3874
2022-08-30T19:36:56.260819291,OPENAT,14428
2022-08-30T19:36:56.260869222,READ,11015
2022-08-30T19:36:56.260876292,READ,2075
2022-08-30T19:36:56.261134545,OPENAT,9166
2022-08-30T19:36:56.261371441,OPENAT,9945
2022-08-30T19:36:56.261402539,READ,5117
2022-08-30T19:36:56.261408948,READ,1927
2022-08-30T19:36:56.261726211,OPENAT,10582
2022-08-30T19:36:56.261751748,READ,5204
2022-08-30T19:36:56.261758960,READ,2075
2022-08-30T19:36:56.261989743,OPENAT,10736
2022-08-30T19:36:56.262017057,READ,4354
2022-08-30T19:36:56.262037186,READ,2043
2022-08-30T19:36:56.262257072,OPENAT,27882
2022-08-30T19:36:56.262296391,READ,4719
2022-08-30T19:36:56.262303412,READ,2033
2022-08-30T19:36:56.262576330,OPENAT,10559
2022-08-30T19:36:56.262599068,READ,4058
2022-08-30T19:36:56.262604494,READ,2014
2022-08-30T19:36:56.262797095,OPENAT,8621
2022-08-30T19:36:56.262904894,OPENAT,10763
2022-08-30T19:36:56.262914902,READ,4630
2022-08-30T19:36:56.263000233,OPENAT,6938
2022-08-30T19:36:56.263012877,OPENAT,4420
2022-08-30T19:36:56.263024475,OPENAT,4300
2022-08-30T19:36:56.263035683,OPENAT,4382
2022-08-30T19:36:56.263046514,OPENAT,4578
2022-08-30T19:36:56.263057007,OPENAT,4235
2022-08-30T19:36:56.263067611,OPENAT,4862
2022-08-30T19:36:56.263083785,OPENAT,8781
2022-08-30T19:36:56.263090666,READ,3502
2022-08-30T19:36:56.264311383,OPENAT,11725
2022-08-30T19:36:56.264320694,READ,4602
2022-08-30T19:36:56.264891815,OPENAT,27224
2022-08-30T19:36:56.264954873,READ,34434
2022-08-30T19:36:56.264961484,READ,2090
2022-08-30T19:36:56.265541793,OPENAT,10528
2022-08-30T19:36:56.265565815,READ,5791
2022-08-30T19:36:56.265573179,READ,2014
2022-08-30T19:36:56.266786556,OPENAT,11491
2022-08-30T19:36:56.266815299,READ,4857
2022-08-30T19:36:56.266821035,READ,1949
2022-08-30T19:36:56.267054295,OPENAT,9695
2022-08-30T19:36:56.267312770,OPENAT,11106
2022-08-30T19:36:56.267366958,READ,26811
2022-08-30T19:36:56.267373973,READ,2298
2022-08-30T19:36:56.267694147,OPENAT,10556
2022-08-30T19:36:56.267716602,READ,4756
2022-08-30T19:36:56.267722146,READ,1947
2022-08-30T19:36:56.267962525,OPENAT,11860
2022-08-30T19:36:56.267970979,READ,4386
2022-08-30T19:36:56.268789929,OPENAT,11909
2022-08-30T19:36:56.268891671,READ,54240
2022-08-30T19:36:56.268899214,READ,2307
2022-08-30T19:36:56.270046251,OPENAT,11321
2022-08-30T19:36:56.270055505,READ,4570
2022-08-30T19:36:56.271973403,OPENAT,12108
2022-08-30T19:36:56.272000063,READ,4995
2022-08-30T19:36:56.272006363,READ,2187
2022-08-30T19:36:56.272184332,OPENAT,8623
2022-08-30T19:36:56.272365335,OPENAT,10843
2022-08-30T19:36:56.272398113,READ,7462
2022-08-30T19:36:56.272405357,READ,2126
2022-08-30T19:36:56.272675999,OPENAT,11033
2022-08-30T19:36:56.272699096,READ,4618
2022-08-30T19:36:56.272705038,READ,2255
2022-08-30T19:36:56.272955437,OPENAT,9606
2022-08-30T19:36:56.273001628,READ,24932
2022-08-30T19:36:56.273008271,READ,2303
2022-08-30T19:36:56.273561055,OPENAT,10230
2022-08-30T19:36:56.273586240,READ,6225
2022-08-30T19:36:56.273592163,READ,2061
2022-08-30T19:36:56.274470534,OPENAT,12029
2022-08-30T19:36:56.274499353,READ,4844
2022-08-30T19:36:56.274505107,READ,1943
2022-08-30T19:36:56.274748767,OPENAT,8104
2022-08-30T19:36:56.274898045,OPENAT,10109
2022-08-30T19:36:56.274932797,READ,16239
2022-08-30T19:36:56.274940033,READ,2207
2022-08-30T19:36:56.277099358,OPENAT,11481
2022-08-30T19:36:56.277152899,READ,28585
2022-08-30T19:36:56.277161535,READ,2282
2022-08-30T19:36:56.277740017,OPENAT,11360
2022-08-30T19:36:56.277773493,READ,5732
2022-08-30T19:36:56.277793041,READ,2099
2022-08-30T19:36:56.278182630,OPENAT,11470
2022-08-30T19:36:56.278191759,READ,4572
2022-08-30T19:36:56.283240584,OPENAT,11808
2022-08-30T19:36:56.283270969,READ,4946
2022-08-30T19:36:56.283278472,READ,1909
2022-08-30T19:36:56.283575066,OPENAT,10766
2022-08-30T19:36:56.283602601,READ,6714
2022-08-30T19:36:56.283609572,READ,2060
2022-08-30T19:36:56.283896414,OPENAT,10736
2022-08-30T19:36:56.283921212,READ,5837
2022-08-30T19:36:56.283927883,READ,1897
2022-08-30T19:36:56.284459115,OPENAT,11480
2022-08-30T19:36:56.284501067,READ,20357
2022-08-30T19:36:56.284521856,READ,2166
2022-08-30T19:36:56.284770761,OPENAT,10217
2022-08-30T19:36:56.284793379,READ,4979
2022-08-30T19:36:56.284808905,READ,2125
2022-08-30T19:36:56.285085748,OPENAT,10708
2022-08-30T19:36:56.285112558,READ,5076
2022-08-30T19:36:56.285118377,READ,1994
2022-08-30T19:36:56.286145294,OPENAT,12320
2022-08-30T19:36:56.286230005,READ,43400
2022-08-30T19:36:56.286237284,READ,2222
2022-08-30T19:36:56.286703282,OPENAT,10861
2022-08-30T19:36:56.286734125,READ,7922
2022-08-30T19:36:56.286739935,READ,2105
2022-08-30T19:36:56.287070691,OPENAT,11316
2022-08-30T19:36:56.287099014,READ,7430
2022-08-30T19:36:56.287104742,READ,2008
2022-08-30T19:36:56.287334130,OPENAT,10945
2022-08-30T19:36:56.287454013,READ,91388
2022-08-30T19:36:56.287462630,READ,2414
2022-08-30T19:36:56.287973807,OPENAT,10618
2022-08-30T19:36:56.288080173,READ,5265
2022-08-30T19:36:56.288087430,READ,1897
2022-08-30T19:36:56.288371889,OPENAT,10603
2022-08-30T19:36:56.288397203,READ,5015
2022-08-30T19:36:56.288403881,READ,1983
2022-08-30T19:36:56.293700000,OPENAT,21521
2022-08-30T19:36:56.293741472,READ,6300
2022-08-30T19:36:56.293749880,READ,1986
2022-08-30T19:36:56.295945260,OPENAT,11329
2022-08-30T19:36:56.295989784,READ,10576
2022-08-30T19:36:56.296014472,READ,2077
2022-08-30T19:36:56.297477690,OPENAT,11736
2022-08-30T19:36:56.297541069,READ,33101
2022-08-30T19:36:56.297549111,READ,2201
2022-08-30T19:36:56.302467771,OPENAT,11180
2022-08-30T19:36:56.302496945,READ,7823
2022-08-30T19:36:56.302502901,READ,1900
2022-08-30T19:36:56.303061949,OPENAT,11229
2022-08-30T19:36:56.303090026,READ,5492
2022-08-30T19:36:56.303096657,READ,2015
2022-08-30T19:36:56.303442845,OPENAT,10971
2022-08-30T19:36:56.303477561,READ,9795
2022-08-30T19:36:56.303483552,READ,2072
2022-08-30T19:36:56.304177974,OPENAT,11955
2022-08-30T19:36:56.304203204,READ,5303
2022-08-30T19:36:56.304209108,READ,1989
2022-08-30T19:36:56.304494292,OPENAT,10433
2022-08-30T19:36:56.304524483,READ,8296
2022-08-30T19:36:56.304531573,READ,2037
2022-08-30T19:36:56.304979589,OPENAT,26725
2022-08-30T19:36:56.305041836,READ,39274
2022-08-30T19:36:56.305048125,READ,2132
2022-08-30T19:36:56.305776613,OPENAT,11720
2022-08-30T19:36:56.305930826,READ,121078
2022-08-30T19:36:56.305939881,READ,2466
2022-08-30T19:36:56.307299252,OPENAT,12322
2022-08-30T19:36:56.307311506,READ,4693
2022-08-30T19:36:56.308781555,OPENAT,11096
2022-08-30T19:36:56.308808897,READ,4964
2022-08-30T19:36:56.308815900,READ,1961
2022-08-30T19:36:56.309053566,OPENAT,10547
2022-08-30T19:36:56.309081591,READ,6550
2022-08-30T19:36:56.309088660,READ,2077
2022-08-30T19:36:56.309463019,OPENAT,9882
2022-08-30T19:36:56.309487311,READ,6115
2022-08-30T19:36:56.309494576,READ,1857
2022-08-30T19:36:56.312354235,OPENAT,11855
2022-08-30T19:36:56.312383811,READ,5653
2022-08-30T19:36:56.312391221,READ,2098
2022-08-30T19:36:56.312910440,OPENAT,28724
2022-08-30T19:36:56.312936518,READ,4600
2022-08-30T19:36:56.312943224,READ,1902
2022-08-30T19:36:56.313094753,OPENAT,8647
2022-08-30T19:36:56.313280723,OPENAT,11476
2022-08-30T19:36:56.313326533,READ,5635
2022-08-30T19:36:56.313338323,READ,1960
2022-08-30T19:36:56.313743236,OPENAT,11714
2022-08-30T19:36:56.313770475,READ,6102
2022-08-30T19:36:56.313777458,READ,1994
2022-08-30T19:36:56.314008130,OPENAT,11712
2022-08-30T19:36:56.314055938,READ,23303
2022-08-30T19:36:56.314065823,READ,3346
2022-08-30T19:36:56.314383856,OPENAT,15443
2022-08-30T19:36:56.314410101,READ,5073
2022-08-30T19:36:56.314417061,READ,1981
2022-08-30T19:36:56.316989485,OPENAT,12153
2022-08-30T19:36:56.317026109,READ,9535
2022-08-30T19:36:56.317033699,READ,2227
2022-08-30T19:36:56.317366257,OPENAT,10460
2022-08-30T19:36:56.317389581,READ,4181
2022-08-30T19:36:56.317395710,READ,1778
2022-08-30T19:36:56.317552048,OPENAT,8941
2022-08-30T19:36:56.317682567,OPENAT,9596
2022-08-30T19:36:56.317717430,READ,15652
2022-08-30T19:36:56.317724875,READ,2176
2022-08-30T19:36:56.318038416,OPENAT,10367
2022-08-30T19:36:56.318062400,READ,4187
2022-08-30T19:36:56.318068951,READ,1877
2022-08-30T19:36:56.318204079,OPENAT,26248
2022-08-30T19:36:56.318337493,OPENAT,10800
2022-08-30T19:36:56.318393365,READ,29904
2022-08-30T19:36:56.318400991,READ,2165
2022-08-30T19:36:56.318911112,OPENAT,11290
2022-08-30T19:36:56.318949904,READ,7326
2022-08-30T19:36:56.318964704,READ,2044
2022-08-30T19:36:56.320192784,OPENAT,12553
2022-08-30T19:36:56.320220655,READ,4741
2022-08-30T19:36:56.320493989,OPENAT,11594
2022-08-30T19:36:56.320504482,READ,4414
2022-08-30T19:36:56.323078820,OPENAT,28172
2022-08-30T19:36:56.323188375,READ,77565
2022-08-30T19:36:56.323197252,READ,2378
2022-08-30T19:36:56.323821986,OPENAT,10791
2022-08-30T19:36:56.323859707,READ,7388
2022-08-30T19:36:56.323866416,READ,1935
2022-08-30T19:36:56.327533981,OPENAT,11396
2022-08-30T19:36:56.327561678,READ,5819
2022-08-30T19:36:56.327568772,READ,1926
2022-08-30T19:36:56.328602119,OPENAT,11282
2022-08-30T19:36:56.328649970,READ,26097
2022-08-30T19:36:56.328657459,READ,2061
2022-08-30T19:36:56.330420429,OPENAT,11405
2022-08-30T19:36:56.330449989,READ,8228
2022-08-30T19:36:56.330457264,READ,2046
2022-08-30T19:36:56.332356941,OPENAT,12444
2022-08-30T19:36:56.332408434,READ,29120
2022-08-30T19:36:56.332416767,READ,2447
2022-08-30T19:36:56.334168264,OPENAT,15062
2022-08-30T19:36:56.334198418,READ,7366
2022-08-30T19:36:56.334205247,READ,1903
2022-08-30T19:36:56.335470132,OPENAT,12638
2022-08-30T19:36:56.335497822,READ,7236
2022-08-30T19:36:56.335505814,READ,2070
2022-08-30T19:36:56.336615021,OPENAT,11238
2022-08-30T19:36:56.336647895,READ,11627
2022-08-30T19:36:56.336654040,READ,1956
2022-08-30T19:36:56.337179301,OPENAT,11887
2022-08-30T19:36:56.337206814,READ,6716
2022-08-30T19:36:56.337228646,READ,1931
2022-08-30T19:36:56.337546048,OPENAT,10673
2022-08-30T19:36:56.337573115,READ,6239
2022-08-30T19:36:56.337579908,READ,2047
2022-08-30T19:36:56.337964158,OPENAT,10489
2022-08-30T19:36:56.337990806,READ,6794
2022-08-30T19:36:56.337997722,READ,1940
2022-08-30T19:36:56.339171866,OPENAT,11812
2022-08-30T19:36:56.339202216,READ,8064
2022-08-30T19:36:56.339209620,READ,2038
2022-08-30T19:36:56.339497051,OPENAT,9500
2022-08-30T19:36:56.339520759,READ,4253
2022-08-30T19:36:56.339527256,READ,1852
2022-08-30T19:36:56.339711736,OPENAT,27174
2022-08-30T19:36:56.339721452,READ,4277
2022-08-30T19:36:56.341736496,OPENAT,11522
2022-08-30T19:36:56.341775369,READ,5560
2022-08-30T19:36:56.341783421,READ,2112
2022-08-30T19:36:56.342043716,OPENAT,10663
2022-08-30T19:36:56.342076721,READ,8783
2022-08-30T19:36:56.342083449,READ,2041
2022-08-30T19:36:56.342507055,OPENAT,11239
2022-08-30T19:36:56.342532667,READ,4784
2022-08-30T19:36:56.342539461,READ,1921
2022-08-30T19:36:56.342967303,OPENAT,10880
2022-08-30T19:36:56.342994114,READ,5124
2022-08-30T19:36:56.343001215,READ,2048
2022-08-30T19:36:56.343130445,OPENAT,8599
2022-08-30T19:36:56.343283497,OPENAT,9615
2022-08-30T19:36:56.343358736,READ,52029
2022-08-30T19:36:56.343366311,READ,2289
2022-08-30T19:36:56.343595140,OPENAT,11587
2022-08-30T19:36:56.343604906,READ,4417
2022-08-30T19:36:56.345244376,OPENAT,10990
2022-08-30T19:36:56.345271616,READ,5073
2022-08-30T19:36:56.345278578,READ,1880
2022-08-30T19:36:56.345778406,OPENAT,11889
2022-08-30T19:36:56.345802890,READ,4550
2022-08-30T19:36:56.345815315,READ,1962
2022-08-30T19:36:56.345949248,OPENAT,8845
2022-08-30T19:36:56.346093405,OPENAT,9777
2022-08-30T19:36:56.346141307,READ,24804
2022-08-30T19:36:56.346148612,READ,2119
2022-08-30T19:36:56.346465464,OPENAT,10266
2022-08-30T19:36:56.346491951,READ,6563
2022-08-30T19:36:56.346498050,READ,2036
2022-08-30T19:36:56.347017426,OPENAT,11215
2022-08-30T19:36:56.347064230,READ,22008
2022-08-30T19:36:56.347071668,READ,2078
2022-08-30T19:36:56.347632759,OPENAT,11063
2022-08-30T19:36:56.347680321,READ,20926
2022-08-30T19:36:56.347687545,READ,2108
2022-08-30T19:36:56.348159853,OPENAT,11417
2022-08-30T19:36:56.348190854,READ,9943
2022-08-30T19:36:56.348197875,READ,2055
2022-08-30T19:36:56.348681178,OPENAT,10897
2022-08-30T19:36:56.348737705,READ,31045
2022-08-30T19:36:56.348744713,READ,2059
2022-08-30T19:36:56.349160510,OPENAT,11918
2022-08-30T19:36:56.349196734,READ,12273
2022-08-30T19:36:56.349219654,READ,2090
2022-08-30T19:36:56.349633117,OPENAT,10984
2022-08-30T19:36:56.349693794,READ,27412
2022-08-30T19:36:56.349700110,READ,2103
2022-08-30T19:36:56.350141138,OPENAT,11003
2022-08-30T19:36:56.350166108,READ,5133
2022-08-30T19:36:56.350173560,READ,2077
2022-08-30T19:36:56.350369502,OPENAT,9876
2022-08-30T19:36:56.350520578,OPENAT,13214
2022-08-30T19:36:56.350543758,READ,4328
2022-08-30T19:36:56.350549239,READ,1868
2022-08-30T19:36:56.350688069,OPENAT,11131
2022-08-30T19:36:56.350697470,READ,4159
2022-08-30T19:36:56.351311564,OPENAT,11892
2022-08-30T19:36:56.351335129,READ,5066
2022-08-30T19:36:56.351744562,OPENAT,11840
2022-08-30T19:36:56.351767066,READ,4665
2022-08-30T19:36:56.352838471,OPENAT,11421
2022-08-30T19:36:56.352881182,READ,5020
2022-08-30T19:36:56.352887872,READ,1927
2022-08-30T19:36:56.353089751,OPENAT,10023
2022-08-30T19:36:56.353127197,READ,13127
2022-08-30T19:36:56.353133987,READ,2026
2022-08-30T19:36:56.353433773,OPENAT,11057
2022-08-30T19:36:56.353456705,READ,4358
2022-08-30T19:36:56.353837578,OPENAT,10448
2022-08-30T19:36:56.353863381,READ,4952
2022-08-30T19:36:56.353870397,READ,1878
2022-08-30T19:36:56.354093267,OPENAT,11503
2022-08-30T19:36:56.354103296,READ,4245
2022-08-30T19:36:56.354168743,OPENAT,8779
2022-08-30T19:36:56.354176103,READ,3326
2022-08-30T19:36:56.354807636,OPENAT,10872
2022-08-30T19:36:56.354841915,READ,5256
2022-08-30T19:36:56.354848428,READ,1959
2022-08-30T19:36:56.355150239,OPENAT,11608
2022-08-30T19:36:56.355161222,READ,4579
2022-08-30T19:36:56.355440348,OPENAT,11253
2022-08-30T19:36:56.355450463,READ,4454
2022-08-30T19:36:56.356144841,OPENAT,12889
2022-08-30T19:36:56.356172279,READ,20606
2022-08-30T19:36:56.356571021,OPENAT,11959
2022-08-30T19:36:56.356581453,READ,4564
2022-08-30T19:36:56.356873226,READ,4000
2022-08-30T19:36:56.357472545,OPENAT,27982
2022-08-30T19:36:56.357483472,READ,4443
