2022-08-30T19:36:55.580246498,OPENAT,19258
2022-08-30T19:36:55.580584101,OPENAT,4993
2022-08-30T19:36:55.580594911,OPENAT,2627
2022-08-30T19:36:55.580602177,OPENAT,2603
2022-08-30T19:36:55.580609245,OPENAT,2487
2022-08-30T19:36:55.580616501,OPENAT,2755
2022-08-30T19:36:55.580623452,OPENAT,2520
2022-08-30T19:36:55.580632522,OPENAT,2490
2022-08-30T19:36:55.580639476,OPENAT,2573
2022-08-30T19:36:55.580649518,OPENAT,2997
2022-08-30T19:36:55.580657165,OPENAT,2340
2022-08-30T19:36:55.580663359,OPENAT,2323
2022-08-30T19:36:55.580670015,OPENAT,2193
2022-08-30T19:36:55.580677020,OPENAT,2360
2022-08-30T19:36:55.580683606,OPENAT,2284
2022-08-30T19:36:55.580705954,OPENAT,2187
2022-08-30T19:36:55.580730075,OPENAT,18976
2022-08-30T19:36:55.580736944,OPENAT,2328
2022-08-30T19:36:55.580744571,OPENAT,2244
2022-08-30T19:36:55.580750710,OPENAT,2229
2022-08-30T19:36:55.580756883,OPENAT,2063
2022-08-30T19:36:55.580763333,OPENAT,2141
2022-08-30T19:36:55.580769881,OPENAT,2068
2022-08-30T19:36:55.580776211,OPENAT,1984
2022-08-30T19:36:55.580782498,OPENAT,1962
2022-08-30T19:36:55.580791848,OPENAT,5078
2022-08-30T19:36:55.580816707,OPENAT,6461
2022-08-30T19:36:55.580826158,READ,5208
2022-08-30T19:36:55.580868930,OPENAT,3517
2022-08-30T19:36:55.580881649,OPENAT,5450
2022-08-30T19:36:55.580905772,READ,20283
2022-08-30T19:36:55.580943196,OPENAT,3099
2022-08-30T19:36:55.580954113,OPENAT,5328
2022-08-30T19:36:55.580959414,READ,2406
2022-08-30T19:36:55.580988964,OPENAT,3081
2022-08-30T19:36:55.581000184,OPENAT,5342
2022-08-30T19:36:55.581022536,READ,2614
2022-08-30T19:36:55.581053716,OPENAT,2907
2022-08-30T19:36:55.581082084,OPENAT,22160
2022-08-30T19:36:55.581088265,READ,2448
2022-08-30T19:36:55.581119152,OPENAT,2993
2022-08-30T19:36:55.581131452,OPENAT,5829
2022-08-30T19:36:55.581137099,READ,2497
2022-08-30T19:36:55.581690954,OPENAT,21748
2022-08-30T19:36:55.581718891,OPENAT,2976
2022-08-30T19:36:55.581733484,OPENAT,6897
2022-08-30T19:36:55.581759460,OPENAT,5749
2022-08-30T19:36:55.581882525,OPENAT,3265
2022-08-30T19:36:55.581892766,OPENAT,2242
2022-08-30T19:36:55.582006707,OPENAT,20719
2022-08-30T19:36:55.582017911,READ,3192
2022-08-30T19:36:55.585837620,OPENAT,6359
2022-08-30T19:36:55.586146586,OPENAT,8334
2022-08-30T19:36:55.586600654,OPENAT,10362
2022-08-30T19:36:55.586632894,READ,4765
2022-08-30T19:36:55.586639374,READ,1821
2022-08-30T19:36:55.586892749,OPENAT,9771
2022-08-30T19:36:55.586937231,READ,21385
2022-08-30T19:36:55.586958977,READ,2082
2022-08-30T19:36:55.587633506,OPENAT,8285
2022-08-30T19:36:55.587899110,OPENAT,9443
2022-08-30T19:36:55.587926211,READ,4833
2022-08-30T19:36:55.587932532,READ,1822
2022-08-30T19:36:55.588333596,OPENAT,10045
2022-08-30T19:36:55.588361215,READ,4285
2022-08-30T19:36:55.588367639,READ,1863
2022-08-30T19:36:55.588940748,OPENAT,9889
2022-08-30T19:36:55.588968281,READ,4258
2022-08-30T19:36:55.588974638,READ,1807
2022-08-30T19:36:55.589333531,OPENAT,10138
2022-08-30T19:36:55.589359100,READ,4291
2022-08-30T19:36:55.589366020,READ,1821
2022-08-30T19:36:55.589567034,OPENAT,8911
2022-08-30T19:36:55.589594455,READ,4344
2022-08-30T19:36:55.589600355,READ,1731
2022-08-30T19:36:55.590251023,OPENAT,9897
2022-08-30T19:36:55.590308313,READ,11492
2022-08-30T19:36:55.590315251,READ,1984
2022-08-30T19:36:55.590610865,OPENAT,9164
2022-08-30T19:36:55.590646755,READ,14347
2022-08-30T19:36:55.590653177,READ,1760
2022-08-30T19:36:55.591061697,OPENAT,9872
2022-08-30T19:36:55.591086456,READ,4529
2022-08-30T19:36:55.591092707,READ,1889
2022-08-30T19:36:55.591587476,OPENAT,10360
2022-08-30T19:36:55.591615443,READ,7265
2022-08-30T19:36:55.591622350,READ,2123
2022-08-30T19:36:55.593107247,OPENAT,10414
2022-08-30T19:36:55.593133347,READ,5305
2022-08-30T19:36:55.593139855,READ,1962
2022-08-30T19:36:55.593374772,OPENAT,9640
2022-08-30T19:36:55.593398883,READ,4291
2022-08-30T19:36:55.593404439,READ,1856
2022-08-30T19:36:55.593985241,OPENAT,10701
2022-08-30T19:36:55.594011619,READ,4616
2022-08-30T19:36:55.594018608,READ,2053
2022-08-30T19:36:55.594333141,OPENAT,9093
2022-08-30T19:36:55.594587893,OPENAT,10545
2022-08-30T19:36:55.594777023,OPENAT,23958
2022-08-30T19:36:55.594800320,READ,4260
2022-08-30T19:36:55.594805860,READ,1919
2022-08-30T19:36:55.595017305,READ,5348
2022-08-30T19:36:55.595294211,READ,4466
2022-08-30T19:36:55.595483413,OPENAT,10669
2022-08-30T19:36:55.595667547,OPENAT,7110
2022-08-30T19:36:55.596080728,OPENAT,7625
2022-08-30T19:36:55.596397900,READ,293288
2022-08-30T19:36:55.596583144,BIOR,123866
2022-08-30T19:36:55.596595073,READ,166227
2022-08-30T19:36:55.596603208,READ,2330
2022-08-30T19:36:55.596681654,OPENAT,7465
2022-08-30T19:36:55.596705443,READ,3843
2022-08-30T19:36:55.596727035,READ,2483
2022-08-30T19:36:55.597326860,READ,3564
2022-08-30T19:36:55.597339111,READ,1860
2022-08-30T19:36:55.597924554,OPENAT,7802
2022-08-30T19:36:55.598231175,OPENAT,10162
2022-08-30T19:36:55.598286828,READ,15510
2022-08-30T19:36:55.598294273,READ,2140
2022-08-30T19:36:55.598598914,OPENAT,11033
2022-08-30T19:36:55.598648628,READ,10341
2022-08-30T19:36:55.598655957,READ,2240
2022-08-30T19:36:55.599027815,OPENAT,11682
2022-08-30T19:36:55.599071955,READ,18945
2022-08-30T19:36:55.599079203,READ,2154
2022-08-30T19:36:55.599651710,OPENAT,10762
2022-08-30T19:36:55.599678714,READ,6621
2022-08-30T19:36:55.599685497,READ,2063
2022-08-30T19:36:55.600217129,OPENAT,10245
2022-08-30T19:36:55.600242132,READ,4593
2022-08-30T19:36:55.600248770,READ,1849
2022-08-30T19:36:55.600444662,OPENAT,9246
2022-08-30T19:36:55.600469817,READ,6671
2022-08-30T19:36:55.600476448,READ,1874
2022-08-30T19:36:55.600700687,OPENAT,27859
2022-08-30T19:36:55.600710278,READ,4364
2022-08-30T19:36:55.601193101,OPENAT,10234
2022-08-30T19:36:55.601219426,READ,5264
2022-08-30T19:36:55.601226356,READ,1942
2022-08-30T19:36:55.602056435,OPENAT,10363
2022-08-30T19:36:55.602092401,READ,10964
2022-08-30T19:36:55.602099881,READ,1964
2022-08-30T19:36:55.602357760,OPENAT,9962
2022-08-30T19:36:55.602398866,READ,18188
2022-08-30T19:36:55.602405078,READ,2013
2022-08-30T19:36:55.603484579,OPENAT,11140
2022-08-30T19:36:55.603512797,READ,7142
2022-08-30T19:36:55.603518667,READ,2013
2022-08-30T19:36:55.604489810,OPENAT,11480
2022-08-30T19:36:55.604532429,READ,13952
2022-08-30T19:36:55.604538720,READ,2120
2022-08-30T19:36:55.604944785,OPENAT,27496
2022-08-30T19:36:55.604986560,READ,14806
2022-08-30T19:36:55.604993316,READ,2165
2022-08-30T19:36:55.605346726,OPENAT,10528
2022-08-30T19:36:55.605371274,READ,5395
2022-08-30T19:36:55.605378180,READ,2243
2022-08-30T19:36:55.606161210,OPENAT,10810
2022-08-30T19:36:55.606223975,READ,20965
2022-08-30T19:36:55.606230983,READ,2143
2022-08-30T19:36:55.607445686,OPENAT,11437
2022-08-30T19:36:55.607473813,READ,5831
2022-08-30T19:36:55.607481077,READ,2000
2022-08-30T19:36:55.611165292,OPENAT,11649
2022-08-30T19:36:55.611202475,READ,10539
2022-08-30T19:36:55.611210221,READ,2010
2022-08-30T19:36:55.613367564,OPENAT,11837
2022-08-30T19:36:55.613407073,READ,15165
2022-08-30T19:36:55.613413666,READ,1862
2022-08-30T19:36:55.613712500,OPENAT,10184
2022-08-30T19:36:55.613722701,READ,4787
2022-08-30T19:36:55.613782411,OPENAT,5830
2022-08-30T19:36:55.613792271,OPENAT,3347
2022-08-30T19:36:55.613801643,OPENAT,3216
2022-08-30T19:36:55.613810769,OPENAT,3173
2022-08-30T19:36:55.613820765,OPENAT,3451
2022-08-30T19:36:55.613830322,OPENAT,3264
2022-08-30T19:36:55.613850811,OPENAT,14114
2022-08-30T19:36:55.613865206,OPENAT,9821
2022-08-30T19:36:55.613871825,READ,3720
2022-08-30T19:36:55.614360353,OPENAT,17948
2022-08-30T19:36:55.614386235,READ,4517
2022-08-30T19:36:55.614392480,READ,1907
2022-08-30T19:36:55.614603177,OPENAT,9968
2022-08-30T19:36:55.614613160,READ,4863
2022-08-30T19:36:55.615615626,OPENAT,8255
2022-08-30T19:36:55.615759624,OPENAT,10494
2022-08-30T19:36:55.615790102,READ,5079
2022-08-30T19:36:55.615796701,READ,1909
2022-08-30T19:36:55.616146435,OPENAT,8891
2022-08-30T19:36:55.616354903,OPENAT,10506
2022-08-30T19:36:55.616390286,READ,9554
2022-08-30T19:36:55.616397182,READ,2019
2022-08-30T19:36:55.616693484,OPENAT,10314
2022-08-30T19:36:55.616715719,READ,3990
2022-08-30T19:36:55.616722808,READ,1803
2022-08-30T19:36:55.616853554,OPENAT,7568
2022-08-30T19:36:55.616975190,OPENAT,11913
2022-08-30T19:36:55.617002584,READ,3745
2022-08-30T19:36:55.617008131,READ,1988
2022-08-30T19:36:55.617177829,OPENAT,10536
2022-08-30T19:36:55.617185649,READ,3862
2022-08-30T19:36:55.617504247,OPENAT,9758
2022-08-30T19:36:55.617535673,READ,5314
2022-08-30T19:36:55.617541501,READ,2022
2022-08-30T19:36:55.617787272,OPENAT,10540
2022-08-30T19:36:55.617827198,READ,19082
2022-08-30T19:36:55.617832999,READ,2128
2022-08-30T19:36:55.618430810,OPENAT,10889
2022-08-30T19:36:55.618456996,READ,5424
2022-08-30T19:36:55.618464738,READ,2123
2022-08-30T19:36:55.619088710,OPENAT,11115
2022-08-30T19:36:55.619099470,READ,4598
2022-08-30T19:36:55.619517994,OPENAT,9567
2022-08-30T19:36:55.619578379,READ,35017
2022-08-30T19:36:55.619584342,READ,2043
2022-08-30T19:36:55.620296354,OPENAT,10492
2022-08-30T19:36:55.620326833,READ,8439
2022-08-30T19:36:55.620345244,READ,2055
2022-08-30T19:36:55.622910170,OPENAT,10999
2022-08-30T19:36:55.622967314,READ,21975
2022-08-30T19:36:55.622973358,READ,2062
2022-08-30T19:36:55.623375521,OPENAT,16942
2022-08-30T19:36:55.623415171,READ,16357
2022-08-30T19:36:55.623420966,READ,2020
2022-08-30T19:36:55.623707097,OPENAT,9514
2022-08-30T19:36:55.623747624,READ,5073
2022-08-30T19:36:55.623754060,READ,2073
2022-08-30T19:36:55.623983984,OPENAT,10354
2022-08-30T19:36:55.624020796,READ,13271
2022-08-30T19:36:55.624028198,READ,2161
2022-08-30T19:36:55.624487868,OPENAT,10037
2022-08-30T19:36:55.624516535,READ,4984
2022-08-30T19:36:55.624523784,READ,1945
2022-08-30T19:36:55.626245274,OPENAT,11681
2022-08-30T19:36:55.626296976,READ,4968
2022-08-30T19:36:55.626314216,READ,2188
2022-08-30T19:36:55.626510966,OPENAT,9583
2022-08-30T19:36:55.626585094,READ,47721
2022-08-30T19:36:55.626591907,READ,2313
2022-08-30T19:36:55.627352817,OPENAT,15987
2022-08-30T19:36:55.627382982,READ,10550
2022-08-30T19:36:55.627389583,READ,1959
2022-08-30T19:36:55.627843091,OPENAT,22371
2022-08-30T19:36:55.627878034,READ,5859
2022-08-30T19:36:55.627883947,READ,2003
2022-08-30T19:36:55.628146005,OPENAT,10580
2022-08-30T19:36:55.628156524,READ,4494
2022-08-30T19:36:55.628825114,OPENAT,12446
2022-08-30T19:36:55.628853453,READ,9223
2022-08-30T19:36:55.628858993,READ,1846
2022-08-30T19:36:55.629054985,OPENAT,8743
2022-08-30T19:36:55.629202732,OPENAT,9803
2022-08-30T19:36:55.629225505,READ,4861
2022-08-30T19:36:55.629232965,READ,2299
2022-08-30T19:36:55.630985841,OPENAT,13132
2022-08-30T19:36:55.631013068,READ,6925
2022-08-30T19:36:55.631020830,READ,2027
2022-08-30T19:36:55.631390397,OPENAT,18926
2022-08-30T19:36:55.631464377,READ,29184
2022-08-30T19:36:55.631470143,READ,1918
2022-08-30T19:36:55.631939686,OPENAT,9860
2022-08-30T19:36:55.631962194,READ,4236
2022-08-30T19:36:55.631967538,READ,1827
2022-08-30T19:36:55.632281255,OPENAT,10586
2022-08-30T19:36:55.632294268,READ,4267
2022-08-30T19:36:55.632360226,OPENAT,10520
2022-08-30T19:36:55.632368157,READ,3473
2022-08-30T19:36:55.632730631,OPENAT,22010
2022-08-30T19:36:55.632757642,READ,6640
2022-08-30T19:36:55.632764933,READ,2155
2022-08-30T19:36:55.633030129,OPENAT,20888
2022-08-30T19:36:55.633054895,READ,5330
2022-08-30T19:36:55.633060396,READ,1962
2022-08-30T19:36:55.633359840,OPENAT,10376
2022-08-30T19:36:55.633369620,READ,4245
2022-08-30T19:36:55.633884968,OPENAT,11383
2022-08-30T19:36:55.633912538,READ,7812
2022-08-30T19:36:55.633919938,READ,1913
2022-08-30T19:36:55.634173812,OPENAT,10641
2022-08-30T19:36:55.634184498,READ,4741
2022-08-30T19:36:55.634253450,OPENAT,12348
2022-08-30T19:36:55.634261639,READ,3738
2022-08-30T19:36:55.634746193,OPENAT,11021
2022-08-30T19:36:55.634756714,READ,4527
2022-08-30T19:36:55.635463594,OPENAT,10387
2022-08-30T19:36:55.635502263,READ,11991
2022-08-30T19:36:55.635508723,READ,1828
2022-08-30T19:36:55.635837977,OPENAT,9505
2022-08-30T19:36:55.635880708,READ,4244
2022-08-30T19:36:55.635887690,READ,1867
2022-08-30T19:36:55.636061566,OPENAT,11114
2022-08-30T19:36:55.636071149,READ,4171
2022-08-30T19:36:55.636306923,OPENAT,10296
2022-08-30T19:36:55.636316387,READ,4219
2022-08-30T19:36:55.636592851,OPENAT,10069
2022-08-30T19:36:55.636602270,READ,4363
2022-08-30T19:36:55.636793515,OPENAT,10412
2022-08-30T19:36:55.636869414,READ,67556
2022-08-30T19:36:55.637042640,OPENAT,9585
2022-08-30T19:36:55.637078797,READ,13010
2022-08-30T19:36:55.637085898,READ,1973
2022-08-30T19:36:55.637873360,OPENAT,10749
2022-08-30T19:36:55.637897288,READ,4466
2022-08-30T19:36:55.637904453,READ,1894
2022-08-30T19:36:55.638129712,OPENAT,9751
2022-08-30T19:36:55.638193663,READ,37816
2022-08-30T19:36:55.638200098,READ,2092
2022-08-30T19:36:55.638667853,OPENAT,10208
2022-08-30T19:36:55.638691129,READ,4517
2022-08-30T19:36:55.638697930,READ,1992
2022-08-30T19:36:55.640193459,OPENAT,11421
2022-08-30T19:36:55.640203148,READ,4791
2022-08-30T19:36:55.640446688,OPENAT,10349
2022-08-30T19:36:55.640454858,READ,4022
2022-08-30T19:36:55.640733880,OPENAT,10306
2022-08-30T19:36:55.640763071,READ,8070
2022-08-30T19:36:55.640786404,READ,18332
2022-08-30T19:36:55.642221866,OPENAT,9457
2022-08-30T19:36:55.643389420,READ,210170
2022-08-30T19:36:55.644081065,READ,624628
2022-08-30T19:36:55.644094595,READ,2868
2022-08-30T19:36:55.644409774,OPENAT,17605
2022-08-30T19:36:55.644421678,READ,4199
2022-08-30T19:36:55.644503509,OPENAT,5645
2022-08-30T19:36:55.644514901,OPENAT,3893
2022-08-30T19:36:55.644526250,OPENAT,3752
2022-08-30T19:36:55.644536579,OPENAT,3855
2022-08-30T19:36:55.644545966,OPENAT,3713
2022-08-30T19:36:55.644555326,OPENAT,3419
2022-08-30T19:36:55.644564220,OPENAT,3495
2022-08-30T19:36:55.644574328,OPENAT,3762
2022-08-30T19:36:55.644585882,OPENAT,3945
2022-08-30T19:36:55.644595719,OPENAT,3759
2022-08-30T19:36:55.644605904,OPENAT,3828
2022-08-30T19:36:55.644615422,OPENAT,3935
2022-08-30T19:36:55.644625114,OPENAT,3935
2022-08-30T19:36:55.644634411,OPENAT,3754
2022-08-30T19:36:55.644644666,OPENAT,4281
2022-08-30T19:36:55.644660591,OPENAT,7781
2022-08-30T19:36:55.644666951,READ,3366
2022-08-30T19:36:55.644727791,OPENAT,5198
2022-08-30T19:36:55.644739345,OPENAT,7240
2022-08-30T19:36:55.644746750,READ,3132
2022-08-30T19:36:55.644800448,OPENAT,4748
2022-08-30T19:36:55.644810802,OPENAT,6814
2022-08-30T19:36:55.644817692,READ,2822
2022-08-30T19:36:55.644824461,READ,2039
2022-08-30T19:36:55.644899978,OPENAT,5449
2022-08-30T19:36:55.644915184,OPENAT,10335
2022-08-30T19:36:55.644922560,READ,3270
2022-08-30T19:36:55.644929717,READ,2352
2022-08-30T19:36:55.644939270,READ,2081
2022-08-30T19:36:55.644993479,OPENAT,4894
2022-08-30T19:36:55.645006817,OPENAT,8775
2022-08-30T19:36:55.645013925,READ,3022
2022-08-30T19:36:55.645021442,READ,2381
2022-08-30T19:36:55.645033731,READ,2171
2022-08-30T19:36:55.645085375,OPENAT,4695
2022-08-30T19:36:55.645098961,OPENAT,9085
2022-08-30T19:36:55.645106412,READ,3168
2022-08-30T19:36:55.645113122,READ,2328
2022-08-30T19:36:55.645124783,READ,2163
2022-08-30T19:36:55.645172421,OPENAT,4956
2022-08-30T19:36:55.645185421,OPENAT,8757
2022-08-30T19:36:55.645192794,READ,3111
2022-08-30T19:36:55.645200303,READ,2167
2022-08-30T19:36:55.645212472,READ,2079
2022-08-30T19:36:55.645272888,OPENAT,5165
2022-08-30T19:36:55.645286401,OPENAT,8987
2022-08-30T19:36:55.645293311,READ,2892
2022-08-30T19:36:55.645301848,READ,2049
2022-08-30T19:36:55.645311218,READ,2013
2022-08-30T19:36:55.645351976,OPENAT,4498
2022-08-30T19:36:55.645364445,OPENAT,8139
2022-08-30T19:36:55.645371399,READ,2934
2022-08-30T19:36:55.645450492,OPENAT,26267
2022-08-30T19:36:55.645458162,READ,3104
2022-08-30T19:36:55.645521539,OPENAT,8763
2022-08-30T19:36:55.645528807,READ,2912
2022-08-30T19:36:55.645585644,OPENAT,9509
2022-08-30T19:36:55.645593353,READ,3181
2022-08-30T19:36:55.645602845,READ,2477
2022-08-30T19:36:55.645615660,READ,2191
2022-08-30T19:36:55.668474076,OPENAT,26308
2022-08-30T19:36:55.668753578,OPENAT,4240
2022-08-30T19:36:55.668760832,OPENAT,2159
2022-08-30T19:36:55.671788288,OPENAT,12703
2022-08-30T19:36:55.671802417,READ,7249
2022-08-30T19:36:55.671998549,OPENAT,6220
2022-08-30T19:36:55.672011965,OPENAT,4449
2022-08-30T19:36:55.672022371,OPENAT,4213
2022-08-30T19:36:55.672033544,OPENAT,4578
2022-08-30T19:36:55.672044387,OPENAT,4434
2022-08-30T19:36:55.672054157,OPENAT,4894
2022-08-30T19:36:55.672067070,OPENAT,5587
2022-08-30T19:36:55.672076422,OPENAT,3502
2022-08-30T19:36:55.672092807,OPENAT,8146
2022-08-30T19:36:55.672099593,READ,3388
2022-08-30T19:36:55.672184116,OPENAT,9962
2022-08-30T19:36:55.672191112,READ,3332
2022-08-30T19:36:55.672261235,OPENAT,9148
2022-08-30T19:36:55.672269165,READ,3600
2022-08-30T19:36:55.672346008,OPENAT,9100
2022-08-30T19:36:55.672352579,READ,3071
2022-08-30T19:36:55.672434635,OPENAT,9896
2022-08-30T19:36:55.672441949,READ,3885
2022-08-30T19:36:55.672551447,OPENAT,8972
2022-08-30T19:36:55.672558072,READ,3188
2022-08-30T19:36:55.672623002,OPENAT,7847
2022-08-30T19:36:55.672629104,READ,2853
2022-08-30T19:36:55.672636079,READ,2219
2022-08-30T19:36:55.672789767,OPENAT,6810
2022-08-30T19:36:55.672823319,OPENAT,14869
2022-08-30T19:36:55.672831128,READ,4709
2022-08-30T19:36:55.672840453,READ,3308
2022-08-30T19:36:55.672853475,READ,2287
2022-08-30T19:36:55.672932499,OPENAT,5168
2022-08-30T19:36:55.672949272,OPENAT,12103
2022-08-30T19:36:55.672956337,READ,3787
2022-08-30T19:36:55.672965008,READ,3093
2022-08-30T19:36:55.672974560,READ,2115
2022-08-30T19:36:56.102477635,OPENAT,17325
2022-08-30T19:36:56.102493205,OPENAT,2286
2022-08-30T19:36:56.168717631,OPENAT,35468
2022-08-30T19:36:56.168733969,READ,7807
2022-08-30T19:36:56.168740995,READ,1589
2022-08-30T19:36:56.168778375,OPENAT,25154
2022-08-30T19:36:56.168786054,READ,4010
2022-08-30T19:36:56.168791121,READ,1542
2022-08-30T19:36:56.168815988,OPENAT,6760
2022-08-30T19:36:56.168822660,READ,3335
2022-08-30T19:36:56.168842641,READ,1582
2022-08-30T19:36:56.168872453,OPENAT,6249
2022-08-30T19:36:56.168880025,READ,3381
2022-08-30T19:36:56.168885387,READ,1531
2022-08-30T19:36:56.168907822,OPENAT,6675
2022-08-30T19:36:56.168915325,READ,3281
2022-08-30T19:36:56.168920965,READ,1535
2022-08-30T19:36:56.170680125,OPENAT,1740482
2022-08-30T19:36:56.170724350,READ,39799
2022-08-30T19:36:56.170747870,READ,15298
2022-08-30T19:36:56.170767084,READ,14676
2022-08-30T19:36:56.170786549,READ,14785
2022-08-30T19:36:56.170805545,READ,14436
2022-08-30T19:36:56.170825486,READ,14379
2022-08-30T19:36:56.170848476,READ,14731
2022-08-30T19:36:56.170867494,READ,14543
2022-08-30T19:36:56.170886371,READ,14295
2022-08-30T19:36:56.170905421,READ,14425
2022-08-30T19:36:56.170924398,READ,14192
2022-08-30T19:36:56.170949208,READ,14712
2022-08-30T19:36:56.170967965,READ,14592
2022-08-30T19:36:56.171008229,READ,35966
2022-08-30T19:36:56.171043462,READ,31172
2022-08-30T19:36:56.171062475,READ,14414
2022-08-30T19:36:56.171081874,READ,14842
2022-08-30T19:36:56.171101318,READ,14392
2022-08-30T19:36:56.171120357,READ,14283
2022-08-30T19:36:56.171139431,READ,14230
2022-08-30T19:36:56.171158615,READ,14259
2022-08-30T19:36:56.171177427,READ,14203
2022-08-30T19:36:56.171196478,READ,14348
2022-08-30T19:36:56.171215583,READ,14474
2022-08-30T19:36:56.171234060,READ,14374
2022-08-30T19:36:56.171265134,READ,14427
2022-08-30T19:36:56.171283651,READ,14361
2022-08-30T19:36:56.171302105,READ,14392
2022-08-30T19:36:56.171332949,READ,26355
2022-08-30T19:36:56.171362811,READ,14209
2022-08-30T19:36:56.171382136,READ,14201
2022-08-30T19:36:56.171400625,READ,14246
2022-08-30T19:36:56.171419569,READ,14248
2022-08-30T19:36:56.171438663,READ,14164
2022-08-30T19:36:56.171459013,READ,14213
2022-08-30T19:36:56.171478021,READ,14178
2022-08-30T19:36:56.171496755,READ,14126
2022-08-30T19:36:56.171515585,READ,14222
2022-08-30T19:36:56.171534885,READ,14241
2022-08-30T19:36:56.171553516,READ,14178
2022-08-30T19:36:56.171572863,READ,14175
2022-08-30T19:36:56.171592506,READ,14163
2022-08-30T19:36:56.171610785,READ,14119
2022-08-30T19:36:56.171629577,READ,14203
2022-08-30T19:36:56.171648129,READ,14157
2022-08-30T19:36:56.171667044,READ,14179
2022-08-30T19:36:56.171686097,READ,14203
2022-08-30T19:36:56.171705141,READ,14190
2022-08-30T19:36:56.171724244,READ,14173
2022-08-30T19:36:56.171743541,READ,14166
2022-08-30T19:36:56.171762602,READ,14176
2022-08-30T19:36:56.171781685,READ,14153
2022-08-30T19:36:56.171801181,READ,14134
2022-08-30T19:36:56.171820179,READ,14167
2022-08-30T19:36:56.171839130,READ,14200
2022-08-30T19:36:56.171858032,READ,14147
2022-08-30T19:36:56.171877058,READ,14135
2022-08-30T19:36:56.171895837,READ,14186
2022-08-30T19:36:56.171914027,READ,14177
2022-08-30T19:36:56.171932642,READ,14123
2022-08-30T19:36:56.171951176,READ,14132
2022-08-30T19:36:56.171969684,READ,14124
2022-08-30T19:36:56.171988634,READ,14120
2022-08-30T19:36:56.172007554,READ,14236
2022-08-30T19:36:56.172026789,READ,14486
2022-08-30T19:36:56.172045906,READ,14172
2022-08-30T19:36:56.172065047,READ,14253
2022-08-30T19:36:56.172084408,READ,14270
2022-08-30T19:36:56.172103485,READ,14277
2022-08-30T19:36:56.172122366,READ,14188
2022-08-30T19:36:56.172141351,READ,14226
2022-08-30T19:36:56.172160377,READ,14250
2022-08-30T19:36:56.172195616,READ,30329
2022-08-30T19:36:56.172214589,READ,13651
2022-08-30T19:36:56.172233969,READ,13652
2022-08-30T19:36:56.172251762,READ,13708
2022-08-30T19:36:56.172269849,READ,13689
2022-08-30T19:36:56.172305471,READ,31332
2022-08-30T19:36:56.172324767,READ,14208
2022-08-30T19:36:56.172331263,READ,1711
2022-08-30T19:36:56.172336509,READ,1604
2022-08-30T19:36:56.262880482,OPENAT,1880473
2022-08-30T19:36:56.262917185,READ,23698
2022-08-30T19:36:56.262948834,READ,16524
2022-08-30T19:36:56.262982499,READ,14988
2022-08-30T19:36:56.263003442,READ,14740
2022-08-30T19:36:56.263010190,READ,1641
2022-08-30T19:36:56.263028711,READ,14420
2022-08-30T19:36:56.263048593,READ,14364
2022-08-30T19:36:56.263068558,READ,14276
2022-08-30T19:36:56.263075086,READ,1655
2022-08-30T19:36:56.263093150,READ,14147
2022-08-30T19:36:56.263111777,READ,14100
2022-08-30T19:36:56.263131052,READ,14095
2022-08-30T19:36:56.263137193,READ,1637
2022-08-30T19:36:56.263154953,READ,14175
2022-08-30T19:36:56.263173831,READ,14314
2022-08-30T19:36:56.263193666,READ,14260
2022-08-30T19:36:56.263199427,READ,1635
2022-08-30T19:36:56.263217135,READ,14017
2022-08-30T19:36:56.263235828,READ,14173
2022-08-30T19:36:56.263255532,READ,14199
2022-08-30T19:36:56.263274318,READ,1635
2022-08-30T19:36:56.263292602,READ,14039
2022-08-30T19:36:56.263311435,READ,14048
2022-08-30T19:36:56.263330877,READ,14113
2022-08-30T19:36:56.263346143,READ,1651
2022-08-30T19:36:56.263364363,READ,14075
2022-08-30T19:36:56.263383788,READ,14048
2022-08-30T19:36:56.263402610,READ,14053
2022-08-30T19:36:56.263409537,READ,1640
2022-08-30T19:36:56.263427624,READ,14139
2022-08-30T19:36:56.263447346,READ,14190
2022-08-30T19:36:56.263466983,READ,14138
2022-08-30T19:36:56.263473889,READ,1633
2022-08-30T19:36:56.263491628,READ,14271
2022-08-30T19:36:56.263510751,READ,14203
2022-08-30T19:36:56.263530150,READ,14097
2022-08-30T19:36:56.263549678,READ,14163
2022-08-30T19:36:56.263556171,READ,1631
2022-08-30T19:36:56.263574327,READ,14096
2022-08-30T19:36:56.263594032,READ,14259
2022-08-30T19:36:56.263613782,READ,14081
2022-08-30T19:36:56.263619455,READ,1634
2022-08-30T19:36:56.263637333,READ,14055
2022-08-30T19:36:56.263672439,READ,29856
2022-08-30T19:36:56.263692115,READ,13735
2022-08-30T19:36:56.263698493,READ,1596
2022-08-30T19:36:56.263715946,READ,13563
2022-08-30T19:36:56.263734787,READ,13611
2022-08-30T19:36:56.263772005,READ,14046
2022-08-30T19:36:56.263778489,READ,1636
2022-08-30T19:36:56.263796253,READ,14034
2022-08-30T19:36:56.263815735,READ,14059
2022-08-30T19:36:56.263835316,READ,14120
2022-08-30T19:36:56.263841051,READ,1636
2022-08-30T19:36:56.263859251,READ,14134
2022-08-30T19:36:56.263878923,READ,14307
2022-08-30T19:36:56.263898262,READ,14112
2022-08-30T19:36:56.263905171,READ,1660
2022-08-30T19:36:56.263923055,READ,14067
2022-08-30T19:36:56.263942592,READ,14180
2022-08-30T19:36:56.263962243,READ,14235
2022-08-30T19:36:56.263969423,READ,1643
2022-08-30T19:36:56.263987169,READ,14099
2022-08-30T19:36:56.264021634,READ,29452
2022-08-30T19:36:56.264040641,READ,13671
2022-08-30T19:36:56.264063224,READ,1547
2022-08-30T19:36:56.264080815,READ,13203
2022-08-30T19:36:56.264098816,READ,13130
2022-08-30T19:36:56.264117119,READ,13228
2022-08-30T19:36:56.264145893,READ,13232
2022-08-30T19:36:56.264152205,READ,1531
2022-08-30T19:36:56.264169100,READ,13106
2022-08-30T19:36:56.264186224,READ,13116
2022-08-30T19:36:56.264204324,READ,13131
2022-08-30T19:36:56.264210308,READ,1517
2022-08-30T19:36:56.264227122,READ,13180
2022-08-30T19:36:56.264245310,READ,13163
2022-08-30T19:36:56.264263919,READ,13192
2022-08-30T19:36:56.264270042,READ,1540
2022-08-30T19:36:56.264286768,READ,13139
2022-08-30T19:36:56.264305176,READ,13232
2022-08-30T19:36:56.264323625,READ,13275
2022-08-30T19:36:56.264339338,READ,1524
2022-08-30T19:36:56.264356258,READ,13003
2022-08-30T19:36:56.264375051,READ,13120
2022-08-30T19:36:56.264393232,READ,13103
2022-08-30T19:36:56.264399483,READ,1517
2022-08-30T19:36:56.264415950,READ,13026
2022-08-30T19:36:56.264433972,READ,13132
2022-08-30T19:36:56.264450539,READ,13007
2022-08-30T19:36:56.264456700,READ,1516
2022-08-30T19:36:56.264473524,READ,13212
2022-08-30T19:36:56.264491610,READ,13104
2022-08-30T19:36:56.264509825,READ,13081
2022-08-30T19:36:56.264516250,READ,1532
2022-08-30T19:36:56.264532970,READ,13157
2022-08-30T19:36:56.264551065,READ,13195
2022-08-30T19:36:56.264569297,READ,13208
2022-08-30T19:36:56.264575880,READ,1546
2022-08-30T19:36:56.264592452,READ,13082
2022-08-30T19:36:56.264610432,READ,13106
2022-08-30T19:36:56.264628560,READ,13123
2022-08-30T19:36:56.264635057,READ,1532
2022-08-30T19:36:56.264651458,READ,13098
2022-08-30T19:36:56.264680607,READ,13089
2022-08-30T19:36:56.264687317,READ,1593
2022-08-30T19:36:56.264692047,READ,1450
2022-08-30T19:36:56.274628855,OPENAT,10815
2022-08-30T19:36:56.274638068,READ,3641
2022-08-30T19:36:56.275054324,OPENAT,10969
2022-08-30T19:36:56.275095432,READ,9648
2022-08-30T19:36:56.275102490,READ,2085
2022-08-30T19:36:56.275345780,OPENAT,8276
2022-08-30T19:36:56.275530430,OPENAT,9772
2022-08-30T19:36:56.275560732,READ,4418
2022-08-30T19:36:56.275566940,READ,1927
2022-08-30T19:36:56.275847458,OPENAT,10387
2022-08-30T19:36:56.275876266,READ,4852
2022-08-30T19:36:56.275882657,READ,2016
2022-08-30T19:36:56.276108775,OPENAT,9341
2022-08-30T19:36:56.276131823,READ,4155
2022-08-30T19:36:56.276138420,READ,1870
2022-08-30T19:36:56.276333717,OPENAT,9838
2022-08-30T19:36:56.276357080,READ,4229
2022-08-30T19:36:56.276363673,READ,2068
2022-08-30T19:36:56.276622882,OPENAT,9782
2022-08-30T19:36:56.276645433,READ,3867
2022-08-30T19:36:56.276651572,READ,1872
2022-08-30T19:36:56.276822643,OPENAT,8004
2022-08-30T19:36:56.276918760,OPENAT,10718
2022-08-30T19:36:56.276927833,READ,4079
2022-08-30T19:36:56.277009862,OPENAT,5968
2022-08-30T19:36:56.277021994,OPENAT,4154
2022-08-30T19:36:56.277031367,OPENAT,3596
2022-08-30T19:36:56.277041609,OPENAT,3610
2022-08-30T19:36:56.277051560,OPENAT,3731
2022-08-30T19:36:56.277062096,OPENAT,3618
2022-08-30T19:36:56.277071688,OPENAT,3905
2022-08-30T19:36:56.277085057,OPENAT,7196
2022-08-30T19:36:56.277091766,READ,3236
2022-08-30T19:36:56.277883406,OPENAT,11522
2022-08-30T19:36:56.277905820,READ,4396
2022-08-30T19:36:56.278439746,OPENAT,10476
2022-08-30T19:36:56.278489196,READ,21145
2022-08-30T19:36:56.278495884,READ,1916
2022-08-30T19:36:56.279104022,OPENAT,10905
2022-08-30T19:36:56.279129886,READ,4742
2022-08-30T19:36:56.279136916,READ,2020
2022-08-30T19:36:56.280327302,OPENAT,11117
2022-08-30T19:36:56.280357826,READ,4612
2022-08-30T19:36:56.280364577,READ,1881
2022-08-30T19:36:56.280581338,OPENAT,8342
2022-08-30T19:36:56.280746401,OPENAT,10018
2022-08-30T19:36:56.280826884,READ,39583
2022-08-30T19:36:56.280833741,READ,2046
2022-08-30T19:36:56.281115747,OPENAT,9571
2022-08-30T19:36:56.281139227,READ,4455
2022-08-30T19:36:56.281150889,READ,1830
2022-08-30T19:36:56.281410170,OPENAT,11304
2022-08-30T19:36:56.281420176,READ,4280
2022-08-30T19:36:56.282037611,OPENAT,10511
2022-08-30T19:36:56.282096385,READ,34067
2022-08-30T19:36:56.282103436,READ,2133
2022-08-30T19:36:56.283206139,OPENAT,11888
2022-08-30T19:36:56.283216725,READ,4357
2022-08-30T19:36:56.284996983,OPENAT,11934
2022-08-30T19:36:56.285053110,READ,4499
2022-08-30T19:36:56.285059035,READ,2010
2022-08-30T19:36:56.285186586,OPENAT,8687
2022-08-30T19:36:56.285353191,OPENAT,9302
2022-08-30T19:36:56.285382289,READ,6681
2022-08-30T19:36:56.285387770,READ,1918
2022-08-30T19:36:56.285634078,OPENAT,9914
2022-08-30T19:36:56.285658428,READ,4395
2022-08-30T19:36:56.285663932,READ,1898
2022-08-30T19:36:56.285925143,OPENAT,9157
2022-08-30T19:36:56.285968593,READ,20371
2022-08-30T19:36:56.285975645,READ,2054
2022-08-30T19:36:56.286534297,OPENAT,9761
2022-08-30T19:36:56.286574492,READ,5393
2022-08-30T19:36:56.286581021,READ,1859
2022-08-30T19:36:56.287493164,OPENAT,10257
2022-08-30T19:36:56.287521614,READ,4228
2022-08-30T19:36:56.287528065,READ,1901
2022-08-30T19:36:56.287759265,OPENAT,8077
2022-08-30T19:36:56.287900624,OPENAT,9013
2022-08-30T19:36:56.287926820,READ,7390
2022-08-30T19:36:56.287933519,READ,1951
2022-08-30T19:36:56.290024065,OPENAT,10513
2022-08-30T19:36:56.290074765,READ,25783
2022-08-30T19:36:56.290081774,READ,1989
2022-08-30T19:36:56.290670992,OPENAT,11110
2022-08-30T19:36:56.290713575,READ,4587
2022-08-30T19:36:56.290720155,READ,2026
2022-08-30T19:36:56.291093667,OPENAT,11030
2022-08-30T19:36:56.291104548,READ,4404
2022-08-30T19:36:56.296130709,OPENAT,11670
2022-08-30T19:36:56.296158943,READ,4701
2022-08-30T19:36:56.296166161,READ,1914
2022-08-30T19:36:56.296450024,OPENAT,10270
2022-08-30T19:36:56.296475886,READ,5762
2022-08-30T19:36:56.296482357,READ,1993
2022-08-30T19:36:56.296766808,OPENAT,9988
2022-08-30T19:36:56.296791368,READ,5233
2022-08-30T19:36:56.296798003,READ,1970
2022-08-30T19:36:56.297305302,OPENAT,10859
2022-08-30T19:36:56.297331042,READ,4625
2022-08-30T19:36:56.297337653,READ,1973
2022-08-30T19:36:56.297601032,OPENAT,10324
2022-08-30T19:36:56.297625446,READ,4774
2022-08-30T19:36:56.297631838,READ,1995
2022-08-30T19:36:56.297891147,OPENAT,9759
2022-08-30T19:36:56.297917775,READ,4502
2022-08-30T19:36:56.297924058,READ,1904
2022-08-30T19:36:56.298900987,OPENAT,11527
2022-08-30T19:36:56.298990510,READ,54706
2022-08-30T19:36:56.298998222,READ,2198
2022-08-30T19:36:56.299480949,OPENAT,10180
2022-08-30T19:36:56.299511843,READ,6976
2022-08-30T19:36:56.299518630,READ,1950
2022-08-30T19:36:56.299839681,OPENAT,10183
2022-08-30T19:36:56.299865120,READ,5065
2022-08-30T19:36:56.299871675,READ,1983
2022-08-30T19:36:56.300115522,OPENAT,9940
2022-08-30T19:36:56.300203029,READ,64992
2022-08-30T19:36:56.300210116,READ,2132
2022-08-30T19:36:56.300712118,OPENAT,9987
2022-08-30T19:36:56.300814793,READ,4917
2022-08-30T19:36:56.300821253,READ,1798
2022-08-30T19:36:56.301115670,OPENAT,10180
2022-08-30T19:36:56.301140267,READ,4636
2022-08-30T19:36:56.301152216,READ,1987
2022-08-30T19:36:56.306539130,OPENAT,10963
2022-08-30T19:36:56.306566600,READ,5793
2022-08-30T19:36:56.306573586,READ,2009
2022-08-30T19:36:56.308733443,OPENAT,11044
2022-08-30T19:36:56.308765669,READ,10071
2022-08-30T19:36:56.308772581,READ,2039
2022-08-30T19:36:56.310226912,OPENAT,11593
2022-08-30T19:36:56.310289687,READ,29944
2022-08-30T19:36:56.310297637,READ,2257
2022-08-30T19:36:56.315226044,OPENAT,12578
2022-08-30T19:36:56.315255800,READ,7334
2022-08-30T19:36:56.315263188,READ,2011
2022-08-30T19:36:56.315763108,OPENAT,10500
2022-08-30T19:36:56.315789237,READ,4990
2022-08-30T19:36:56.315795598,READ,1948
2022-08-30T19:36:56.316097587,OPENAT,10775
2022-08-30T19:36:56.316133693,READ,9627
2022-08-30T19:36:56.316147462,READ,2099
2022-08-30T19:36:56.316895243,OPENAT,11120
2022-08-30T19:36:56.316922314,READ,5009
2022-08-30T19:36:56.316929363,READ,1992
2022-08-30T19:36:56.317210050,OPENAT,10589
2022-08-30T19:36:56.317241189,READ,7696
2022-08-30T19:36:56.317247602,READ,1912
2022-08-30T19:36:56.317686026,OPENAT,10931
2022-08-30T19:36:56.317729412,READ,20110
2022-08-30T19:36:56.317737331,READ,2138
2022-08-30T19:36:56.318457414,OPENAT,27042
2022-08-30T19:36:56.318589573,READ,101285
2022-08-30T19:36:56.318598704,READ,2471
2022-08-30T19:36:56.319860790,OPENAT,12763
2022-08-30T19:36:56.319872253,READ,4723
2022-08-30T19:36:56.321334848,OPENAT,10985
2022-08-30T19:36:56.321373657,READ,4565
2022-08-30T19:36:56.321383189,READ,1940
2022-08-30T19:36:56.321596710,OPENAT,9740
2022-08-30T19:36:56.321622412,READ,6031
2022-08-30T19:36:56.321627836,READ,1919
2022-08-30T19:36:56.322004947,OPENAT,9785
2022-08-30T19:36:56.322030441,READ,5722
2022-08-30T19:36:56.322036629,READ,1859
2022-08-30T19:36:56.324935842,OPENAT,27447
2022-08-30T19:36:56.324979186,READ,21144
2022-08-30T19:36:56.324986249,READ,1944
2022-08-30T19:36:56.325521170,OPENAT,10791
2022-08-30T19:36:56.325546778,READ,4309
2022-08-30T19:36:56.325553370,READ,1936
2022-08-30T19:36:56.325714871,OPENAT,8000
2022-08-30T19:36:56.325861079,OPENAT,9189
2022-08-30T19:36:56.325884874,READ,4439
2022-08-30T19:36:56.325891101,READ,1890
2022-08-30T19:36:56.326236844,OPENAT,10130
2022-08-30T19:36:56.326262796,READ,5394
2022-08-30T19:36:56.326269437,READ,1925
2022-08-30T19:36:56.326505523,OPENAT,9337
2022-08-30T19:36:56.326537139,READ,10438
2022-08-30T19:36:56.326543609,READ,1933
2022-08-30T19:36:56.326798462,OPENAT,26311
2022-08-30T19:36:56.326822179,READ,4421
2022-08-30T19:36:56.326828628,READ,1862
2022-08-30T19:36:56.329314251,OPENAT,11949
2022-08-30T19:36:56.329349945,READ,8871
2022-08-30T19:36:56.329357154,READ,2058
2022-08-30T19:36:56.329676107,OPENAT,9961
2022-08-30T19:36:56.329699716,READ,3955
2022-08-30T19:36:56.329705850,READ,1853
2022-08-30T19:36:56.329828126,OPENAT,7962
2022-08-30T19:36:56.329971280,OPENAT,27243
2022-08-30T19:36:56.330007462,READ,16265
2022-08-30T19:36:56.330014539,READ,2064
2022-08-30T19:36:56.330316920,OPENAT,10478
2022-08-30T19:36:56.330341473,READ,4104
2022-08-30T19:36:56.330348035,READ,1883
2022-08-30T19:36:56.330480399,OPENAT,7891
2022-08-30T19:36:56.330603914,OPENAT,9191
2022-08-30T19:36:56.330676228,READ,27998
2022-08-30T19:36:56.330683697,READ,2088
2022-08-30T19:36:56.331144824,OPENAT,10695
2022-08-30T19:36:56.331171501,READ,7016
2022-08-30T19:36:56.331179039,READ,2085
2022-08-30T19:36:56.332439964,OPENAT,15425
2022-08-30T19:36:56.332461734,READ,4610
2022-08-30T19:36:56.332710196,OPENAT,12195
2022-08-30T19:36:56.332720573,READ,4447
2022-08-30T19:36:56.335222538,OPENAT,12048
2022-08-30T19:36:56.335348248,READ,96518
2022-08-30T19:36:56.335357313,READ,2439
2022-08-30T19:36:56.335964071,OPENAT,10871
2022-08-30T19:36:56.335992051,READ,7239
2022-08-30T19:36:56.336016056,READ,2140
2022-08-30T19:36:56.339885819,OPENAT,12150
2022-08-30T19:36:56.339912263,READ,5542
2022-08-30T19:36:56.339920426,READ,2114
2022-08-30T19:36:56.340929331,OPENAT,11203
2022-08-30T19:36:56.340960559,READ,9874
2022-08-30T19:36:56.340967767,READ,2034
2022-08-30T19:36:56.342730134,OPENAT,11388
2022-08-30T19:36:56.342760140,READ,8197
2022-08-30T19:36:56.342767072,READ,2080
2022-08-30T19:36:56.344462873,OPENAT,11266
2022-08-30T19:36:56.344510549,READ,28091
2022-08-30T19:36:56.344518236,READ,2146
2022-08-30T19:36:56.346072795,OPENAT,11941
2022-08-30T19:36:56.346101922,READ,6970
2022-08-30T19:36:56.346109040,READ,2011
2022-08-30T19:36:56.347249736,OPENAT,11569
2022-08-30T19:36:56.347278609,READ,6732
2022-08-30T19:36:56.347285782,READ,2056
2022-08-30T19:36:56.348356446,OPENAT,11480
2022-08-30T19:36:56.348389662,READ,11341
2022-08-30T19:36:56.348396847,READ,2139
2022-08-30T19:36:56.348872011,OPENAT,11153
2022-08-30T19:36:56.348910956,READ,6676
2022-08-30T19:36:56.348918064,READ,2016
2022-08-30T19:36:56.349240992,OPENAT,10202
2022-08-30T19:36:56.349266311,READ,5775
2022-08-30T19:36:56.349272928,READ,2038
2022-08-30T19:36:56.349647134,OPENAT,10610
2022-08-30T19:36:56.349673178,READ,6745
2022-08-30T19:36:56.349679097,READ,2020
2022-08-30T19:36:56.350806664,OPENAT,11465
2022-08-30T19:36:56.350836475,READ,7510
2022-08-30T19:36:56.350843443,READ,1998
2022-08-30T19:36:56.351147339,OPENAT,10085
2022-08-30T19:36:56.351171700,READ,4292
2022-08-30T19:36:56.351177289,READ,1872
2022-08-30T19:36:56.351355298,OPENAT,21795
2022-08-30T19:36:56.351364786,READ,4165
2022-08-30T19:36:56.353331309,OPENAT,11896
2022-08-30T19:36:56.353367147,READ,5435
2022-08-30T19:36:56.353374312,READ,2068
2022-08-30T19:36:56.353676001,OPENAT,10412
2022-08-30T19:36:56.353708038,READ,8526
2022-08-30T19:36:56.353714934,READ,2042
2022-08-30T19:36:56.354125203,OPENAT,11099
2022-08-30T19:36:56.354151456,READ,4763
2022-08-30T19:36:56.354158317,READ,1988
2022-08-30T19:36:56.354553459,OPENAT,10766
2022-08-30T19:36:56.354578521,READ,4940
2022-08-30T19:36:56.354595867,READ,1984
2022-08-30T19:36:56.354746735,OPENAT,22126
2022-08-30T19:36:56.354882365,OPENAT,9708
2022-08-30T19:36:56.354935081,READ,30907
2022-08-30T19:36:56.354943366,READ,2227
2022-08-30T19:36:56.355185521,OPENAT,11618
2022-08-30T19:36:56.355194055,READ,4344
2022-08-30T19:36:56.356818300,OPENAT,11542
2022-08-30T19:36:56.356860357,READ,4851
2022-08-30T19:36:56.356866884,READ,1860
2022-08-30T19:36:56.357361222,OPENAT,11411
2022-08-30T19:36:56.357387898,READ,4717
2022-08-30T19:36:56.357394997,READ,1927
2022-08-30T19:36:56.357547472,OPENAT,8552
2022-08-30T19:36:56.357678258,OPENAT,9154
2022-08-30T19:36:56.357723629,READ,21012
2022-08-30T19:36:56.357730140,READ,1985
2022-08-30T19:36:56.358040258,OPENAT,10157
2022-08-30T19:36:56.358066320,READ,6351
2022-08-30T19:36:56.358073219,READ,2041
2022-08-30T19:36:56.358601350,OPENAT,10860
2022-08-30T19:36:56.358676339,READ,34804
2022-08-30T19:36:56.358683189,READ,1972
2022-08-30T19:36:56.359221135,OPENAT,11442
2022-08-30T19:36:56.359280892,READ,30042
2022-08-30T19:36:56.359287367,READ,2172
2022-08-30T19:36:56.359777659,OPENAT,27766
2022-08-30T19:36:56.359808121,READ,9153
2022-08-30T19:36:56.359814773,READ,1998
2022-08-30T19:36:56.360329190,OPENAT,10341
2022-08-30T19:36:56.360381298,READ,28665
2022-08-30T19:36:56.360400644,READ,1983
2022-08-30T19:36:56.360815835,OPENAT,11242
2022-08-30T19:36:56.360867873,READ,27353
2022-08-30T19:36:56.360875055,READ,1978
2022-08-30T19:36:56.361291894,OPENAT,27145
2022-08-30T19:36:56.361365684,READ,45711
2022-08-30T19:36:56.361373287,READ,2117
2022-08-30T19:36:56.361819352,OPENAT,10070
2022-08-30T19:36:56.361844037,READ,4522
2022-08-30T19:36:56.361864576,READ,1921
2022-08-30T19:36:56.362016985,OPENAT,8049
2022-08-30T19:36:56.362198049,OPENAT,9710
2022-08-30T19:36:56.362225564,READ,4126
2022-08-30T19:36:56.362232075,READ,1870
2022-08-30T19:36:56.362379587,OPENAT,10795
2022-08-30T19:36:56.362389989,READ,4267
2022-08-30T19:36:56.363038340,OPENAT,12080
2022-08-30T19:36:56.363050032,READ,4811
2022-08-30T19:36:56.363412850,OPENAT,11230
2022-08-30T19:36:56.363422999,READ,4291
2022-08-30T19:36:56.364491452,OPENAT,11420
2022-08-30T19:36:56.364526320,READ,4831
2022-08-30T19:36:56.364533002,READ,1883
2022-08-30T19:36:56.364764217,OPENAT,8947
2022-08-30T19:36:56.364799241,READ,12653
2022-08-30T19:36:56.364805598,READ,1879
2022-08-30T19:36:56.365107425,OPENAT,28860
2022-08-30T19:36:56.365117466,READ,4276
2022-08-30T19:36:56.365476671,OPENAT,9674
2022-08-30T19:36:56.365500483,READ,4564
2022-08-30T19:36:56.365506595,READ,1749
2022-08-30T19:36:56.365713402,OPENAT,10220
2022-08-30T19:36:56.365722785,READ,3972
2022-08-30T19:36:56.365800991,OPENAT,8552
2022-08-30T19:36:56.365808619,READ,3047
2022-08-30T19:36:56.366432717,OPENAT,9716
2022-08-30T19:36:56.366464345,READ,4907
2022-08-30T19:36:56.366471717,READ,1821
2022-08-30T19:36:56.366779725,OPENAT,10922
2022-08-30T19:36:56.366789683,READ,4385
2022-08-30T19:36:56.367105327,OPENAT,10499
2022-08-30T19:36:56.367116123,READ,4357
2022-08-30T19:36:56.367858682,OPENAT,12231
2022-08-30T19:36:56.367869946,READ,4750
2022-08-30T19:36:56.368228838,OPENAT,11385
2022-08-30T19:36:56.368238919,READ,4517
2022-08-30T19:36:56.368500804,READ,4172
2022-08-30T19:36:56.369144922,OPENAT,11879
