2022-08-30T21:34:57.888473031,OPENAT,9092
2022-08-30T21:34:57.888490067,OPENAT,2591
2022-08-30T21:34:57.888513305,OPENAT,2589
2022-08-30T21:34:57.888519902,OPENAT,2487
2022-08-30T21:34:57.888527134,OPENAT,3026
2022-08-30T21:34:57.888533855,OPENAT,2507
2022-08-30T21:34:57.888541360,OPENAT,3607
2022-08-30T21:34:57.888548228,OPENAT,3001
2022-08-30T21:34:57.888561454,OPENAT,5448
2022-08-30T21:34:57.888573154,OPENAT,2348
2022-08-30T21:34:57.888579220,OPENAT,2274
2022-08-30T21:34:57.888586813,OPENAT,2219
2022-08-30T21:34:57.888593080,OPENAT,2352
2022-08-30T21:34:57.888600886,OPENAT,2251
2022-08-30T21:34:57.888607160,OPENAT,2231
2022-08-30T21:34:57.888614617,OPENAT,2148
2022-08-30T21:34:57.888621153,OPENAT,2462
2022-08-30T21:34:57.888628611,OPENAT,2230
2022-08-30T21:34:57.888634688,OPENAT,2195
2022-08-30T21:34:57.888642091,OPENAT,2108
2022-08-30T21:34:57.888648286,OPENAT,2291
2022-08-30T21:34:57.888655695,OPENAT,2195
2022-08-30T21:34:57.888663867,OPENAT,2154
2022-08-30T21:34:57.888670119,OPENAT,2036
2022-08-30T21:34:57.888682979,OPENAT,6947
2022-08-30T21:34:57.888735384,OPENAT,25559
2022-08-30T21:34:57.888744389,READ,6120
2022-08-30T21:34:57.888798366,OPENAT,6394
2022-08-30T21:34:57.888814682,OPENAT,7230
2022-08-30T21:34:57.888822080,READ,3117
2022-08-30T21:34:57.888866958,OPENAT,3542
2022-08-30T21:34:57.888881275,OPENAT,7098
2022-08-30T21:34:57.888888481,READ,2925
2022-08-30T21:34:57.888923852,OPENAT,3496
2022-08-30T21:34:57.888938233,OPENAT,7057
2022-08-30T21:34:57.888945661,READ,3164
2022-08-30T21:34:57.888981575,OPENAT,3319
2022-08-30T21:34:57.888995485,OPENAT,6914
2022-08-30T21:34:57.889002780,READ,2989
2022-08-30T21:34:57.889037390,OPENAT,3328
2022-08-30T21:34:57.889051891,OPENAT,6872
2022-08-30T21:34:57.889059431,READ,3210
2022-08-30T21:34:57.889952463,OPENAT,7335
2022-08-30T21:34:57.889988801,OPENAT,23744
2022-08-30T21:34:57.890019630,OPENAT,7333
2022-08-30T21:34:57.890067900,OPENAT,24966
2022-08-30T21:34:57.890193410,OPENAT,3605
2022-08-30T21:34:57.890202114,OPENAT,2309
2022-08-30T21:34:57.890269009,OPENAT,7701
2022-08-30T21:34:57.890282831,READ,3251
2022-08-30T21:34:57.893623284,OPENAT,6673
2022-08-30T21:34:57.893951841,OPENAT,8186
2022-08-30T21:34:57.894459488,OPENAT,12916
2022-08-30T21:34:57.894512844,READ,5122
2022-08-30T21:34:57.894521050,READ,1790
2022-08-30T21:34:57.894701073,OPENAT,9666
2022-08-30T21:34:57.894745489,READ,22810
2022-08-30T21:34:57.894752290,READ,1777
2022-08-30T21:34:57.895334723,OPENAT,7074
2022-08-30T21:34:57.895598118,OPENAT,8918
2022-08-30T21:34:57.895626436,READ,5891
2022-08-30T21:34:57.895633183,READ,1717
2022-08-30T21:34:57.896018609,OPENAT,9454
2022-08-30T21:34:57.896060073,READ,4251
2022-08-30T21:34:57.896066847,READ,1711
2022-08-30T21:34:57.896638850,OPENAT,9647
2022-08-30T21:34:57.896682551,READ,4490
2022-08-30T21:34:57.896689132,READ,1674
2022-08-30T21:34:57.897010113,OPENAT,8815
2022-08-30T21:34:57.897069556,READ,4351
2022-08-30T21:34:57.897075770,READ,1562
2022-08-30T21:34:57.897246091,OPENAT,9049
2022-08-30T21:34:57.897272877,READ,5314
2022-08-30T21:34:57.897279351,READ,1632
2022-08-30T21:34:57.897994562,OPENAT,9166
2022-08-30T21:34:57.898050833,READ,14870
2022-08-30T21:34:57.898076290,READ,1776
2022-08-30T21:34:57.898368359,OPENAT,9297
2022-08-30T21:34:57.898459392,READ,32910
2022-08-30T21:34:57.898466136,READ,1639
2022-08-30T21:34:57.898828477,OPENAT,8861
2022-08-30T21:34:57.898886738,READ,23184
2022-08-30T21:34:57.898893242,READ,1670
2022-08-30T21:34:57.899350684,OPENAT,9659
2022-08-30T21:34:57.899398628,READ,12234
2022-08-30T21:34:57.899405375,READ,1863
2022-08-30T21:34:57.900673548,OPENAT,9404
2022-08-30T21:34:57.900717619,READ,6913
2022-08-30T21:34:57.900724132,READ,1711
2022-08-30T21:34:57.900952167,OPENAT,9036
2022-08-30T21:34:57.900975515,READ,4538
2022-08-30T21:34:57.900981767,READ,1733
2022-08-30T21:34:57.901511554,OPENAT,9382
2022-08-30T21:34:57.901591127,READ,17534
2022-08-30T21:34:57.901599209,READ,2119
2022-08-30T21:34:57.901958013,OPENAT,7562
2022-08-30T21:34:57.902205546,OPENAT,9643
2022-08-30T21:34:57.902339477,OPENAT,8670
2022-08-30T21:34:57.902362763,READ,4402
2022-08-30T21:34:57.902369818,READ,1717
2022-08-30T21:34:57.902521901,READ,4760
2022-08-30T21:34:57.902832322,READ,4030
2022-08-30T21:34:57.903008410,OPENAT,7200
2022-08-30T21:34:57.903190633,OPENAT,6153
2022-08-30T21:34:57.903556135,OPENAT,8352
2022-08-30T21:34:57.903677748,BIOR,46265
2022-08-30T21:34:57.903690342,READ,93640
2022-08-30T21:34:57.903756852,BIOR,31398
2022-08-30T21:34:57.903787075,READ,70700
2022-08-30T21:34:57.903794524,READ,1988
2022-08-30T21:34:57.903906168,OPENAT,8102
2022-08-30T21:34:57.903933975,READ,3748
2022-08-30T21:34:57.903972719,READ,2330
2022-08-30T21:34:57.904038492,READ,2441
2022-08-30T21:34:57.904276252,READ,2598
2022-08-30T21:34:57.904510649,READ,2443
2022-08-30T21:34:57.904920114,OPENAT,7810
2022-08-30T21:34:57.905100895,OPENAT,9055
2022-08-30T21:34:57.905151930,READ,25053
2022-08-30T21:34:57.905159255,READ,1881
2022-08-30T21:34:57.905674993,OPENAT,10622
2022-08-30T21:34:57.905703621,READ,5005
2022-08-30T21:34:57.905711912,READ,1945
2022-08-30T21:34:57.905990034,OPENAT,24661
2022-08-30T21:34:57.906032588,READ,20013
2022-08-30T21:34:57.906039578,READ,1805
2022-08-30T21:34:57.906552770,OPENAT,11049
2022-08-30T21:34:57.906616401,READ,23976
2022-08-30T21:34:57.906624190,READ,1864
2022-08-30T21:34:57.907136333,OPENAT,9166
2022-08-30T21:34:57.907179958,READ,7548
2022-08-30T21:34:57.907186493,READ,1724
2022-08-30T21:34:57.907746841,OPENAT,11713
2022-08-30T21:34:57.907787578,READ,4214
2022-08-30T21:34:57.907794110,READ,1618
2022-08-30T21:34:57.907988712,OPENAT,8298
2022-08-30T21:34:57.908014756,READ,7701
2022-08-30T21:34:57.908021088,READ,1683
2022-08-30T21:34:57.908216920,OPENAT,9002
2022-08-30T21:34:57.908245195,READ,4492
2022-08-30T21:34:57.908653826,OPENAT,8920
2022-08-30T21:34:57.908694984,READ,5621
2022-08-30T21:34:57.908701510,READ,1666
2022-08-30T21:34:57.910315167,OPENAT,9774
2022-08-30T21:34:57.910378168,READ,19086
2022-08-30T21:34:57.910386197,READ,1699
2022-08-30T21:34:57.910767185,OPENAT,8935
2022-08-30T21:34:57.910810916,READ,7594
2022-08-30T21:34:57.910817543,READ,1701
2022-08-30T21:34:57.912679632,OPENAT,9789
2022-08-30T21:34:57.912770969,READ,27123
2022-08-30T21:34:57.912778623,READ,1911
2022-08-30T21:34:57.913194076,OPENAT,9749
2022-08-30T21:34:57.913235873,READ,5900
2022-08-30T21:34:57.913242463,READ,1729
2022-08-30T21:34:57.913904306,OPENAT,9126
2022-08-30T21:34:57.913949367,READ,7938
2022-08-30T21:34:57.913957186,READ,1724
2022-08-30T21:34:57.914421717,OPENAT,24968
2022-08-30T21:34:57.914478128,READ,17395
2022-08-30T21:34:57.914485135,READ,1827
2022-08-30T21:34:57.915302097,OPENAT,9503
2022-08-30T21:34:57.915313437,READ,4538
2022-08-30T21:34:57.915554905,OPENAT,8713
2022-08-30T21:34:57.915565567,READ,4266
2022-08-30T21:34:57.915880382,OPENAT,26824
2022-08-30T21:34:57.915917736,READ,13915
2022-08-30T21:34:57.915940004,READ,17194
2022-08-30T21:34:57.916196822,OPENAT,23068
2022-08-30T21:34:57.916338309,OPENAT,8857
2022-08-30T21:34:57.916361005,READ,3933
2022-08-30T21:34:57.916367559,READ,1606
2022-08-30T21:34:57.916524525,OPENAT,8509
2022-08-30T21:34:57.916534920,READ,4156
2022-08-30T21:34:57.917386845,OPENAT,21796
2022-08-30T21:34:57.917778948,BIOR,313250
2022-08-30T21:34:57.917827903,READ,394070
2022-08-30T21:34:57.917839632,READ,2909
2022-08-30T21:34:57.918557928,OPENAT,9591
2022-08-30T21:34:57.918603980,READ,8110
2022-08-30T21:34:57.918610618,READ,1618
2022-08-30T21:34:57.918854449,OPENAT,8605
2022-08-30T21:34:57.918881481,READ,7993
2022-08-30T21:34:57.918888074,READ,1782
2022-08-30T21:34:57.919252190,OPENAT,9425
2022-08-30T21:34:57.919297420,READ,9899
2022-08-30T21:34:57.919304066,READ,1738
2022-08-30T21:34:57.919658232,OPENAT,24761
2022-08-30T21:34:57.919699147,READ,5523
2022-08-30T21:34:57.919705714,READ,1794
2022-08-30T21:34:57.920786623,OPENAT,9724
2022-08-30T21:34:57.920832479,READ,5509
2022-08-30T21:34:57.920839203,READ,1696
2022-08-30T21:34:57.921129583,OPENAT,25085
2022-08-30T21:34:57.921214283,READ,42330
2022-08-30T21:34:57.921221286,READ,1809
2022-08-30T21:34:57.921672733,OPENAT,10565
2022-08-30T21:34:57.921712082,READ,5169
2022-08-30T21:34:57.921720767,READ,1986
2022-08-30T21:34:57.921954160,OPENAT,8756
2022-08-30T21:34:57.921964691,READ,4629
2022-08-30T21:34:57.922067152,OPENAT,4542
2022-08-30T21:34:57.922092899,OPENAT,2847
2022-08-30T21:34:57.922099899,OPENAT,2828
2022-08-30T21:34:57.922106827,OPENAT,2734
2022-08-30T21:34:57.922114210,OPENAT,2935
2022-08-30T21:34:57.922123708,OPENAT,2822
2022-08-30T21:34:57.922130843,OPENAT,2856
2022-08-30T21:34:57.922145312,OPENAT,8463
2022-08-30T21:34:57.922153085,READ,3295
2022-08-30T21:34:57.922490263,OPENAT,8427
2022-08-30T21:34:57.922533215,READ,6874
2022-08-30T21:34:57.922539747,READ,1639
2022-08-30T21:34:57.922901083,OPENAT,12465
2022-08-30T21:34:57.922943089,READ,5822
2022-08-30T21:34:57.922949428,READ,1752
2022-08-30T21:34:57.923261687,OPENAT,9070
2022-08-30T21:34:57.923272462,READ,4519
2022-08-30T21:34:57.923684661,OPENAT,8848
2022-08-30T21:34:57.923744036,READ,24048
2022-08-30T21:34:57.923766383,READ,1708
2022-08-30T21:34:57.923986434,OPENAT,8906
2022-08-30T21:34:57.923997136,READ,4082
2022-08-30T21:34:57.924070506,OPENAT,9543
2022-08-30T21:34:57.924078221,READ,3195
2022-08-30T21:34:57.924599216,OPENAT,8469
2022-08-30T21:34:57.924610170,READ,4209
2022-08-30T21:34:57.925207877,OPENAT,17651
2022-08-30T21:34:57.925448034,BIOR,179652
2022-08-30T21:34:57.925464017,READ,212434
2022-08-30T21:34:57.925472937,READ,2453
2022-08-30T21:34:57.925900589,OPENAT,9236
2022-08-30T21:34:57.925955870,READ,15428
2022-08-30T21:34:57.925963454,READ,1653
2022-08-30T21:34:57.930898367,READ,171915
2022-08-30T23:22:13.362839576,WRITE,36061
2022-08-30T23:22:13.362902375,WRITE,3813
2022-08-30T23:22:13.362968136,OPENAT,28329
2022-08-30T23:22:13.363036791,READ,8324
2022-08-30T23:22:13.363098955,READ,3108
2022-08-30T23:22:13.363219945,READ,4202
2022-08-30T23:22:13.363288772,READ,5635
2022-08-30T23:22:13.363449209,WRITE,15485
2022-08-30T23:22:13.363479671,WRITE,20804
2022-08-30T23:22:13.363503281,OPENAT,11261
2022-08-30T23:22:13.363543212,READ,3995
2022-08-30T23:22:13.363583316,READ,2254
2022-08-30T23:22:13.363631900,READ,4833
2022-08-30T23:22:13.363684991,READ,2730
2022-08-30T23:22:13.363726981,WRITE,6127
2022-08-30T23:22:13.363784805,WRITE,7851
